"subject","plot_names","question_type","score"
1,"linear_rise","meaningfulness",70
1,"linear_fall","meaningfulness",41
1,"linear_low","meaningfulness",52
1,"linear_middle","meaningfulness",50
1,"linear_high","meaningfulness",56
1,"exp_rise_convex","meaningfulness",51
1,"exp_fall_convex","meaningfulness",70
1,"exp_rise_concave","meaningfulness",52
1,"exp_fall_concave","meaningfulness",54
1,"sin_fr_full","meaningfulness",51
1,"sin_fr_partial","meaningfulness",50
1,"sin_rf_full","meaningfulness",59
1,"sin_rf_partial","meaningfulness",49
1,"sin_rfr_full","meaningfulness",52
1,"sin_rfr_partial","meaningfulness",52
1,"sin_frf_full","meaningfulness",51
1,"sin_frf_partial","meaningfulness",52
1,"sin_frfr","meaningfulness",51
1,"sin_rfrf","meaningfulness",56
1,"logistic_rise","meaningfulness",51
1,"logistic_fall","meaningfulness",51
1,"positive_change_full","meaningfulness",53
1,"positive_change_partial","meaningfulness",52
1,"negative_change_full","meaningfulness",52
1,"negative_change_partial","meaningfulness",51
1,"linear_rise_sharp_fall","meaningfulness",53
1,"linear_rise_sharp_fall_exp_rise","meaningfulness",51
2,"linear_rise","meaningfulness",79
2,"linear_fall","meaningfulness",18
2,"linear_low","meaningfulness",1
2,"linear_middle","meaningfulness",66
2,"linear_high","meaningfulness",100
2,"exp_rise_convex","meaningfulness",17
2,"exp_fall_convex","meaningfulness",28
2,"exp_rise_concave","meaningfulness",90
2,"exp_fall_concave","meaningfulness",41
2,"sin_fr_full","meaningfulness",40
2,"sin_fr_partial","meaningfulness",62
2,"sin_rf_full","meaningfulness",45
2,"sin_rf_partial","meaningfulness",62
2,"sin_rfr_full","meaningfulness",39
2,"sin_rfr_partial","meaningfulness",41
2,"sin_frf_full","meaningfulness",44
2,"sin_frf_partial","meaningfulness",51
2,"sin_frfr","meaningfulness",38
2,"sin_rfrf","meaningfulness",47
2,"logistic_rise","meaningfulness",43
2,"logistic_fall","meaningfulness",35
2,"positive_change_full","meaningfulness",57
2,"positive_change_partial","meaningfulness",24
2,"negative_change_full","meaningfulness",55
2,"negative_change_partial","meaningfulness",48
2,"linear_rise_sharp_fall","meaningfulness",18
2,"linear_rise_sharp_fall_exp_rise","meaningfulness",63
3,"linear_rise","meaningfulness",80
3,"linear_fall","meaningfulness",30
3,"linear_low","meaningfulness",0
3,"linear_middle","meaningfulness",0
3,"linear_high","meaningfulness",100
3,"exp_rise_convex","meaningfulness",70
3,"exp_fall_convex","meaningfulness",10
3,"exp_rise_concave","meaningfulness",80
3,"exp_fall_concave","meaningfulness",30
3,"sin_fr_full","meaningfulness",60
3,"sin_fr_partial","meaningfulness",70
3,"sin_rf_full","meaningfulness",70
3,"sin_rf_partial","meaningfulness",20
3,"sin_rfr_full","meaningfulness",40
3,"sin_rfr_partial","meaningfulness",60
3,"sin_frf_full","meaningfulness",40
3,"sin_frf_partial","meaningfulness",70
3,"sin_frfr","meaningfulness",65
3,"sin_rfrf","meaningfulness",70
3,"logistic_rise","meaningfulness",70
3,"logistic_fall","meaningfulness",30
3,"positive_change_full","meaningfulness",10
3,"positive_change_partial","meaningfulness",20
3,"negative_change_full","meaningfulness",60
3,"negative_change_partial","meaningfulness",80
3,"linear_rise_sharp_fall","meaningfulness",20
3,"linear_rise_sharp_fall_exp_rise","meaningfulness",60
4,"linear_rise","meaningfulness",55
4,"linear_fall","meaningfulness",75
4,"linear_low","meaningfulness",4
4,"linear_middle","meaningfulness",75
4,"linear_high","meaningfulness",100
4,"exp_rise_convex","meaningfulness",41
4,"exp_fall_convex","meaningfulness",70
4,"exp_rise_concave","meaningfulness",43
4,"exp_fall_concave","meaningfulness",100
4,"sin_fr_full","meaningfulness",31
4,"sin_fr_partial","meaningfulness",46
4,"sin_rf_full","meaningfulness",86
4,"sin_rf_partial","meaningfulness",58
4,"sin_rfr_full","meaningfulness",80
4,"sin_rfr_partial","meaningfulness",83
4,"sin_frf_full","meaningfulness",22
4,"sin_frf_partial","meaningfulness",55
4,"sin_frfr","meaningfulness",75
4,"sin_rfrf","meaningfulness",79
4,"logistic_rise","meaningfulness",47
4,"logistic_fall","meaningfulness",70
4,"positive_change_full","meaningfulness",40
4,"positive_change_partial","meaningfulness",20
4,"negative_change_full","meaningfulness",79
4,"negative_change_partial","meaningfulness",69
4,"linear_rise_sharp_fall","meaningfulness",37
4,"linear_rise_sharp_fall_exp_rise","meaningfulness",67
5,"linear_rise","meaningfulness",69
5,"linear_fall","meaningfulness",62
5,"linear_low","meaningfulness",11
5,"linear_middle","meaningfulness",38
5,"linear_high","meaningfulness",96
5,"exp_rise_convex","meaningfulness",32
5,"exp_fall_convex","meaningfulness",62
5,"exp_rise_concave","meaningfulness",83
5,"exp_fall_concave","meaningfulness",79
5,"sin_fr_full","meaningfulness",71
5,"sin_fr_partial","meaningfulness",81
5,"sin_rf_full","meaningfulness",39
5,"sin_rf_partial","meaningfulness",58
5,"sin_rfr_full","meaningfulness",63
5,"sin_rfr_partial","meaningfulness",61
5,"sin_frf_full","meaningfulness",54
5,"sin_frf_partial","meaningfulness",62
5,"sin_frfr","meaningfulness",57
5,"sin_rfrf","meaningfulness",59
5,"logistic_rise","meaningfulness",48
5,"logistic_fall","meaningfulness",55
5,"positive_change_full","meaningfulness",59
5,"positive_change_partial","meaningfulness",70
5,"negative_change_full","meaningfulness",59
5,"negative_change_partial","meaningfulness",81
5,"linear_rise_sharp_fall","meaningfulness",41
5,"linear_rise_sharp_fall_exp_rise","meaningfulness",53
6,"linear_rise","meaningfulness",42
6,"linear_fall","meaningfulness",32
6,"linear_low","meaningfulness",7
6,"linear_middle","meaningfulness",42
6,"linear_high","meaningfulness",37
6,"exp_rise_convex","meaningfulness",40
6,"exp_fall_convex","meaningfulness",35
6,"exp_rise_concave","meaningfulness",47
6,"exp_fall_concave","meaningfulness",34
6,"sin_fr_full","meaningfulness",45
6,"sin_fr_partial","meaningfulness",39
6,"sin_rf_full","meaningfulness",39
6,"sin_rf_partial","meaningfulness",41
6,"sin_rfr_full","meaningfulness",26
6,"sin_rfr_partial","meaningfulness",49
6,"sin_frf_full","meaningfulness",41
6,"sin_frf_partial","meaningfulness",31
6,"sin_frfr","meaningfulness",33
6,"sin_rfrf","meaningfulness",39
6,"logistic_rise","meaningfulness",41
6,"logistic_fall","meaningfulness",39
6,"positive_change_full","meaningfulness",40
6,"positive_change_partial","meaningfulness",41
6,"negative_change_full","meaningfulness",32
6,"negative_change_partial","meaningfulness",48
6,"linear_rise_sharp_fall","meaningfulness",42
6,"linear_rise_sharp_fall_exp_rise","meaningfulness",38
7,"linear_rise","meaningfulness",82
7,"linear_fall","meaningfulness",6
7,"linear_low","meaningfulness",5
7,"linear_middle","meaningfulness",63
7,"linear_high","meaningfulness",100
7,"exp_rise_convex","meaningfulness",87
7,"exp_fall_convex","meaningfulness",64
7,"exp_rise_concave","meaningfulness",86
7,"exp_fall_concave","meaningfulness",6
7,"sin_fr_full","meaningfulness",37
7,"sin_fr_partial","meaningfulness",18
7,"sin_rf_full","meaningfulness",69
7,"sin_rf_partial","meaningfulness",64
7,"sin_rfr_full","meaningfulness",36
7,"sin_rfr_partial","meaningfulness",71
7,"sin_frf_full","meaningfulness",51
7,"sin_frf_partial","meaningfulness",93
7,"sin_frfr","meaningfulness",74
7,"sin_rfrf","meaningfulness",56
7,"logistic_rise","meaningfulness",47
7,"logistic_fall","meaningfulness",19
7,"positive_change_full","meaningfulness",54
7,"positive_change_partial","meaningfulness",36
7,"negative_change_full","meaningfulness",51
7,"negative_change_partial","meaningfulness",87
7,"linear_rise_sharp_fall","meaningfulness",14
7,"linear_rise_sharp_fall_exp_rise","meaningfulness",86
8,"linear_rise","meaningfulness",62
8,"linear_fall","meaningfulness",38
8,"linear_low","meaningfulness",0
8,"linear_middle","meaningfulness",28
8,"linear_high","meaningfulness",100
8,"exp_rise_convex","meaningfulness",49
8,"exp_fall_convex","meaningfulness",43
8,"exp_rise_concave","meaningfulness",82
8,"exp_fall_concave","meaningfulness",59
8,"sin_fr_full","meaningfulness",66
8,"sin_fr_partial","meaningfulness",70
8,"sin_rf_full","meaningfulness",56
8,"sin_rf_partial","meaningfulness",49
8,"sin_rfr_full","meaningfulness",72
8,"sin_rfr_partial","meaningfulness",47
8,"sin_frf_full","meaningfulness",48
8,"sin_frf_partial","meaningfulness",67
8,"sin_frfr","meaningfulness",86
8,"sin_rfrf","meaningfulness",56
8,"logistic_rise","meaningfulness",55
8,"logistic_fall","meaningfulness",55
8,"positive_change_full","meaningfulness",40
8,"positive_change_partial","meaningfulness",63
8,"negative_change_full","meaningfulness",63
8,"negative_change_partial","meaningfulness",61
8,"linear_rise_sharp_fall","meaningfulness",11
8,"linear_rise_sharp_fall_exp_rise","meaningfulness",86
9,"linear_rise","meaningfulness",50
9,"linear_fall","meaningfulness",72
9,"linear_low","meaningfulness",3
9,"linear_middle","meaningfulness",79
9,"linear_high","meaningfulness",100
9,"exp_rise_convex","meaningfulness",93
9,"exp_fall_convex","meaningfulness",36
9,"exp_rise_concave","meaningfulness",92
9,"exp_fall_concave","meaningfulness",79
9,"sin_fr_full","meaningfulness",67
9,"sin_fr_partial","meaningfulness",70
9,"sin_rf_full","meaningfulness",83
9,"sin_rf_partial","meaningfulness",84
9,"sin_rfr_full","meaningfulness",52
9,"sin_rfr_partial","meaningfulness",42
9,"sin_frf_full","meaningfulness",68
9,"sin_frf_partial","meaningfulness",75
9,"sin_frfr","meaningfulness",65
9,"sin_rfrf","meaningfulness",66
9,"logistic_rise","meaningfulness",82
9,"logistic_fall","meaningfulness",69
9,"positive_change_full","meaningfulness",63
9,"positive_change_partial","meaningfulness",82
9,"negative_change_full","meaningfulness",82
9,"negative_change_partial","meaningfulness",77
9,"linear_rise_sharp_fall","meaningfulness",63
9,"linear_rise_sharp_fall_exp_rise","meaningfulness",65
10,"linear_rise","meaningfulness",72
10,"linear_fall","meaningfulness",26
10,"linear_low","meaningfulness",4
10,"linear_middle","meaningfulness",51
10,"linear_high","meaningfulness",93
10,"exp_rise_convex","meaningfulness",43
10,"exp_fall_convex","meaningfulness",11
10,"exp_rise_concave","meaningfulness",91
10,"exp_fall_concave","meaningfulness",55
10,"sin_fr_full","meaningfulness",55
10,"sin_fr_partial","meaningfulness",70
10,"sin_rf_full","meaningfulness",53
10,"sin_rf_partial","meaningfulness",46
10,"sin_rfr_full","meaningfulness",58
10,"sin_rfr_partial","meaningfulness",38
10,"sin_frf_full","meaningfulness",56
10,"sin_frf_partial","meaningfulness",52
10,"sin_frfr","meaningfulness",38
10,"sin_rfrf","meaningfulness",58
10,"logistic_rise","meaningfulness",55
10,"logistic_fall","meaningfulness",19
10,"positive_change_full","meaningfulness",44
10,"positive_change_partial","meaningfulness",41
10,"negative_change_full","meaningfulness",57
10,"negative_change_partial","meaningfulness",61
10,"linear_rise_sharp_fall","meaningfulness",9
10,"linear_rise_sharp_fall_exp_rise","meaningfulness",36
11,"linear_rise","meaningfulness",89
11,"linear_fall","meaningfulness",2
11,"linear_low","meaningfulness",1
11,"linear_middle","meaningfulness",18
11,"linear_high","meaningfulness",67
11,"exp_rise_convex","meaningfulness",36
11,"exp_fall_convex","meaningfulness",51
11,"exp_rise_concave","meaningfulness",68
11,"exp_fall_concave","meaningfulness",52
11,"sin_fr_full","meaningfulness",20
11,"sin_fr_partial","meaningfulness",77
11,"sin_rf_full","meaningfulness",62
11,"sin_rf_partial","meaningfulness",49
11,"sin_rfr_full","meaningfulness",64
11,"sin_rfr_partial","meaningfulness",47
11,"sin_frf_full","meaningfulness",90
11,"sin_frf_partial","meaningfulness",51
11,"sin_frfr","meaningfulness",55
11,"sin_rfrf","meaningfulness",56
11,"logistic_rise","meaningfulness",63
11,"logistic_fall","meaningfulness",27
11,"positive_change_full","meaningfulness",49
11,"positive_change_partial","meaningfulness",19
11,"negative_change_full","meaningfulness",48
11,"negative_change_partial","meaningfulness",62
11,"linear_rise_sharp_fall","meaningfulness",5
11,"linear_rise_sharp_fall_exp_rise","meaningfulness",79
12,"linear_rise","meaningfulness",50
12,"linear_fall","meaningfulness",70
12,"linear_low","meaningfulness",5
12,"linear_middle","meaningfulness",2
12,"linear_high","meaningfulness",70
12,"exp_rise_convex","meaningfulness",80
12,"exp_fall_convex","meaningfulness",70
12,"exp_rise_concave","meaningfulness",60
12,"exp_fall_concave","meaningfulness",80
12,"sin_fr_full","meaningfulness",71
12,"sin_fr_partial","meaningfulness",50
12,"sin_rf_full","meaningfulness",40
12,"sin_rf_partial","meaningfulness",47
12,"sin_rfr_full","meaningfulness",91
12,"sin_rfr_partial","meaningfulness",85
12,"sin_frf_full","meaningfulness",60
12,"sin_frf_partial","meaningfulness",78
12,"sin_frfr","meaningfulness",80
12,"sin_rfrf","meaningfulness",60
12,"logistic_rise","meaningfulness",63
12,"logistic_fall","meaningfulness",50
12,"positive_change_full","meaningfulness",30
12,"positive_change_partial","meaningfulness",53
12,"negative_change_full","meaningfulness",80
12,"negative_change_partial","meaningfulness",80
12,"linear_rise_sharp_fall","meaningfulness",70
12,"linear_rise_sharp_fall_exp_rise","meaningfulness",30
13,"linear_rise","meaningfulness",100
13,"linear_fall","meaningfulness",82
13,"linear_low","meaningfulness",0
13,"linear_middle","meaningfulness",40
13,"linear_high","meaningfulness",46
13,"exp_rise_convex","meaningfulness",77
13,"exp_fall_convex","meaningfulness",38
13,"exp_rise_concave","meaningfulness",86
13,"exp_fall_concave","meaningfulness",45
13,"sin_fr_full","meaningfulness",84
13,"sin_fr_partial","meaningfulness",79
13,"sin_rf_full","meaningfulness",46
13,"sin_rf_partial","meaningfulness",34
13,"sin_rfr_full","meaningfulness",88
13,"sin_rfr_partial","meaningfulness",88
13,"sin_frf_full","meaningfulness",83
13,"sin_frf_partial","meaningfulness",48
13,"sin_frfr","meaningfulness",93
13,"sin_rfrf","meaningfulness",76
13,"logistic_rise","meaningfulness",61
13,"logistic_fall","meaningfulness",81
13,"positive_change_full","meaningfulness",82
13,"positive_change_partial","meaningfulness",86
13,"negative_change_full","meaningfulness",44
13,"negative_change_partial","meaningfulness",30
13,"linear_rise_sharp_fall","meaningfulness",14
13,"linear_rise_sharp_fall_exp_rise","meaningfulness",88
14,"linear_rise","meaningfulness",95
14,"linear_fall","meaningfulness",0
14,"linear_low","meaningfulness",0
14,"linear_middle","meaningfulness",50
14,"linear_high","meaningfulness",100
14,"exp_rise_convex","meaningfulness",100
14,"exp_fall_convex","meaningfulness",0
14,"exp_rise_concave","meaningfulness",100
14,"exp_fall_concave","meaningfulness",0
14,"sin_fr_full","meaningfulness",95
14,"sin_fr_partial","meaningfulness",95
14,"sin_rf_full","meaningfulness",0
14,"sin_rf_partial","meaningfulness",0
14,"sin_rfr_full","meaningfulness",50
14,"sin_rfr_partial","meaningfulness",85
14,"sin_frf_full","meaningfulness",0
14,"sin_frf_partial","meaningfulness",20
14,"sin_frfr","meaningfulness",60
14,"sin_rfrf","meaningfulness",0
14,"logistic_rise","meaningfulness",100
14,"logistic_fall","meaningfulness",0
14,"positive_change_full","meaningfulness",85
14,"positive_change_partial","meaningfulness",40
14,"negative_change_full","meaningfulness",81
14,"negative_change_partial","meaningfulness",80
14,"linear_rise_sharp_fall","meaningfulness",0
14,"linear_rise_sharp_fall_exp_rise","meaningfulness",100
15,"linear_rise","meaningfulness",65
15,"linear_fall","meaningfulness",19
15,"linear_low","meaningfulness",3
15,"linear_middle","meaningfulness",60
15,"linear_high","meaningfulness",100
15,"exp_rise_convex","meaningfulness",53
15,"exp_fall_convex","meaningfulness",29
15,"exp_rise_concave","meaningfulness",87
15,"exp_fall_concave","meaningfulness",38
15,"sin_fr_full","meaningfulness",49
15,"sin_fr_partial","meaningfulness",62
15,"sin_rf_full","meaningfulness",49
15,"sin_rf_partial","meaningfulness",34
15,"sin_rfr_full","meaningfulness",36
15,"sin_rfr_partial","meaningfulness",37
15,"sin_frf_full","meaningfulness",43
15,"sin_frf_partial","meaningfulness",41
15,"sin_frfr","meaningfulness",40
15,"sin_rfrf","meaningfulness",42
15,"logistic_rise","meaningfulness",50
15,"logistic_fall","meaningfulness",43
15,"positive_change_full","meaningfulness",42
15,"positive_change_partial","meaningfulness",35
15,"negative_change_full","meaningfulness",51
15,"negative_change_partial","meaningfulness",53
15,"linear_rise_sharp_fall","meaningfulness",28
15,"linear_rise_sharp_fall_exp_rise","meaningfulness",53
16,"linear_rise","meaningfulness",100
16,"linear_fall","meaningfulness",10
16,"linear_low","meaningfulness",0
16,"linear_middle","meaningfulness",50
16,"linear_high","meaningfulness",100
16,"exp_rise_convex","meaningfulness",30
16,"exp_fall_convex","meaningfulness",10
16,"exp_rise_concave","meaningfulness",80
16,"exp_fall_concave","meaningfulness",30
16,"sin_fr_full","meaningfulness",30
16,"sin_fr_partial","meaningfulness",80
16,"sin_rf_full","meaningfulness",50
16,"sin_rf_partial","meaningfulness",20
16,"sin_rfr_full","meaningfulness",50
16,"sin_rfr_partial","meaningfulness",30
16,"sin_frf_full","meaningfulness",50
16,"sin_frf_partial","meaningfulness",40
16,"sin_frfr","meaningfulness",50
16,"sin_rfrf","meaningfulness",20
16,"logistic_rise","meaningfulness",50
16,"logistic_fall","meaningfulness",30
16,"positive_change_full","meaningfulness",10
16,"positive_change_partial","meaningfulness",30
16,"negative_change_full","meaningfulness",50
16,"negative_change_partial","meaningfulness",50
16,"linear_rise_sharp_fall","meaningfulness",10
16,"linear_rise_sharp_fall_exp_rise","meaningfulness",80
17,"linear_rise","meaningfulness",56
17,"linear_fall","meaningfulness",61
17,"linear_low","meaningfulness",53
17,"linear_middle","meaningfulness",57
17,"linear_high","meaningfulness",100
17,"exp_rise_convex","meaningfulness",76
17,"exp_fall_convex","meaningfulness",63
17,"exp_rise_concave","meaningfulness",76
17,"exp_fall_concave","meaningfulness",43
17,"sin_fr_full","meaningfulness",65
17,"sin_fr_partial","meaningfulness",65
17,"sin_rf_full","meaningfulness",61
17,"sin_rf_partial","meaningfulness",27
17,"sin_rfr_full","meaningfulness",83
17,"sin_rfr_partial","meaningfulness",70
17,"sin_frf_full","meaningfulness",50
17,"sin_frf_partial","meaningfulness",51
17,"sin_frfr","meaningfulness",61
17,"sin_rfrf","meaningfulness",49
17,"logistic_rise","meaningfulness",56
17,"logistic_fall","meaningfulness",61
17,"positive_change_full","meaningfulness",50
17,"positive_change_partial","meaningfulness",76
17,"negative_change_full","meaningfulness",64
17,"negative_change_partial","meaningfulness",44
17,"linear_rise_sharp_fall","meaningfulness",43
17,"linear_rise_sharp_fall_exp_rise","meaningfulness",68
18,"linear_rise","meaningfulness",87
18,"linear_fall","meaningfulness",0
18,"linear_low","meaningfulness",0
18,"linear_middle","meaningfulness",45
18,"linear_high","meaningfulness",76
18,"exp_rise_convex","meaningfulness",99
18,"exp_fall_convex","meaningfulness",19
18,"exp_rise_concave","meaningfulness",96
18,"exp_fall_concave","meaningfulness",17
18,"sin_fr_full","meaningfulness",65
18,"sin_fr_partial","meaningfulness",93
18,"sin_rf_full","meaningfulness",56
18,"sin_rf_partial","meaningfulness",18
18,"sin_rfr_full","meaningfulness",70
18,"sin_rfr_partial","meaningfulness",71
18,"sin_frf_full","meaningfulness",37
18,"sin_frf_partial","meaningfulness",32
18,"sin_frfr","meaningfulness",92
18,"sin_rfrf","meaningfulness",65
18,"logistic_rise","meaningfulness",94
18,"logistic_fall","meaningfulness",8
18,"positive_change_full","meaningfulness",8
18,"positive_change_partial","meaningfulness",10
18,"negative_change_full","meaningfulness",71
18,"negative_change_partial","meaningfulness",53
18,"linear_rise_sharp_fall","meaningfulness",20
18,"linear_rise_sharp_fall_exp_rise","meaningfulness",89
19,"linear_rise","meaningfulness",67
19,"linear_fall","meaningfulness",8
19,"linear_low","meaningfulness",0
19,"linear_middle","meaningfulness",51
19,"linear_high","meaningfulness",100
19,"exp_rise_convex","meaningfulness",49
19,"exp_fall_convex","meaningfulness",19
19,"exp_rise_concave","meaningfulness",85
19,"exp_fall_concave","meaningfulness",15
19,"sin_fr_full","meaningfulness",16
19,"sin_fr_partial","meaningfulness",53
19,"sin_rf_full","meaningfulness",79
19,"sin_rf_partial","meaningfulness",24
19,"sin_rfr_full","meaningfulness",30
19,"sin_rfr_partial","meaningfulness",39
19,"sin_frf_full","meaningfulness",15
19,"sin_frf_partial","meaningfulness",32
19,"sin_frfr","meaningfulness",22
19,"sin_rfrf","meaningfulness",18
19,"logistic_rise","meaningfulness",79
19,"logistic_fall","meaningfulness",49
19,"positive_change_full","meaningfulness",28
19,"positive_change_partial","meaningfulness",15
19,"negative_change_full","meaningfulness",85
19,"negative_change_partial","meaningfulness",63
19,"linear_rise_sharp_fall","meaningfulness",29
19,"linear_rise_sharp_fall_exp_rise","meaningfulness",42
20,"linear_rise","meaningfulness",66
20,"linear_fall","meaningfulness",31
20,"linear_low","meaningfulness",18
20,"linear_middle","meaningfulness",72
20,"linear_high","meaningfulness",95
20,"exp_rise_convex","meaningfulness",68
20,"exp_fall_convex","meaningfulness",34
20,"exp_rise_concave","meaningfulness",87
20,"exp_fall_concave","meaningfulness",45
20,"sin_fr_full","meaningfulness",31
20,"sin_fr_partial","meaningfulness",46
20,"sin_rf_full","meaningfulness",62
20,"sin_rf_partial","meaningfulness",43
20,"sin_rfr_full","meaningfulness",51
20,"sin_rfr_partial","meaningfulness",46
20,"sin_frf_full","meaningfulness",35
20,"sin_frf_partial","meaningfulness",52
20,"sin_frfr","meaningfulness",50
20,"sin_rfrf","meaningfulness",50
20,"logistic_rise","meaningfulness",60
20,"logistic_fall","meaningfulness",49
20,"positive_change_full","meaningfulness",57
20,"positive_change_partial","meaningfulness",38
20,"negative_change_full","meaningfulness",46
20,"negative_change_partial","meaningfulness",64
20,"linear_rise_sharp_fall","meaningfulness",51
20,"linear_rise_sharp_fall_exp_rise","meaningfulness",32
21,"linear_rise","meaningfulness",86
21,"linear_fall","meaningfulness",91
21,"linear_low","meaningfulness",93
21,"linear_middle","meaningfulness",56
21,"linear_high","meaningfulness",100
21,"exp_rise_convex","meaningfulness",66
21,"exp_fall_convex","meaningfulness",74
21,"exp_rise_concave","meaningfulness",81
21,"exp_fall_concave","meaningfulness",73
21,"sin_fr_full","meaningfulness",90
21,"sin_fr_partial","meaningfulness",87
21,"sin_rf_full","meaningfulness",74
21,"sin_rf_partial","meaningfulness",87
21,"sin_rfr_full","meaningfulness",85
21,"sin_rfr_partial","meaningfulness",74
21,"sin_frf_full","meaningfulness",93
21,"sin_frf_partial","meaningfulness",81
21,"sin_frfr","meaningfulness",77
21,"sin_rfrf","meaningfulness",76
21,"logistic_rise","meaningfulness",80
21,"logistic_fall","meaningfulness",90
21,"positive_change_full","meaningfulness",71
21,"positive_change_partial","meaningfulness",87
21,"negative_change_full","meaningfulness",87
21,"negative_change_partial","meaningfulness",86
21,"linear_rise_sharp_fall","meaningfulness",44
21,"linear_rise_sharp_fall_exp_rise","meaningfulness",89
22,"linear_rise","meaningfulness",58
22,"linear_fall","meaningfulness",0
22,"linear_low","meaningfulness",0
22,"linear_middle","meaningfulness",33
22,"linear_high","meaningfulness",100
22,"exp_rise_convex","meaningfulness",18
22,"exp_fall_convex","meaningfulness",0
22,"exp_rise_concave","meaningfulness",92
22,"exp_fall_concave","meaningfulness",72
22,"sin_fr_full","meaningfulness",4
22,"sin_fr_partial","meaningfulness",48
22,"sin_rf_full","meaningfulness",37
22,"sin_rf_partial","meaningfulness",12
22,"sin_rfr_full","meaningfulness",1
22,"sin_rfr_partial","meaningfulness",18
22,"sin_frf_full","meaningfulness",24
22,"sin_frf_partial","meaningfulness",4
22,"sin_frfr","meaningfulness",11
22,"sin_rfrf","meaningfulness",6
22,"logistic_rise","meaningfulness",1
22,"logistic_fall","meaningfulness",8
22,"positive_change_full","meaningfulness",1
22,"positive_change_partial","meaningfulness",3
22,"negative_change_full","meaningfulness",41
22,"negative_change_partial","meaningfulness",30
22,"linear_rise_sharp_fall","meaningfulness",1
22,"linear_rise_sharp_fall_exp_rise","meaningfulness",45
23,"linear_rise","meaningfulness",40
23,"linear_fall","meaningfulness",100
23,"linear_low","meaningfulness",100
23,"linear_middle","meaningfulness",97
23,"linear_high","meaningfulness",0
23,"exp_rise_convex","meaningfulness",56
23,"exp_fall_convex","meaningfulness",72
23,"exp_rise_concave","meaningfulness",62
23,"exp_fall_concave","meaningfulness",58
23,"sin_fr_full","meaningfulness",31
23,"sin_fr_partial","meaningfulness",45
23,"sin_rf_full","meaningfulness",10
23,"sin_rf_partial","meaningfulness",20
23,"sin_rfr_full","meaningfulness",16
23,"sin_rfr_partial","meaningfulness",30
23,"sin_frf_full","meaningfulness",11
23,"sin_frf_partial","meaningfulness",21
23,"sin_frfr","meaningfulness",11
23,"sin_rfrf","meaningfulness",15
23,"logistic_rise","meaningfulness",31
23,"logistic_fall","meaningfulness",20
23,"positive_change_full","meaningfulness",29
23,"positive_change_partial","meaningfulness",41
23,"negative_change_full","meaningfulness",20
23,"negative_change_partial","meaningfulness",57
23,"linear_rise_sharp_fall","meaningfulness",21
23,"linear_rise_sharp_fall_exp_rise","meaningfulness",20
24,"linear_rise","meaningfulness",100
24,"linear_fall","meaningfulness",82
24,"linear_low","meaningfulness",0
24,"linear_middle","meaningfulness",100
24,"linear_high","meaningfulness",100
24,"exp_rise_convex","meaningfulness",100
24,"exp_fall_convex","meaningfulness",80
24,"exp_rise_concave","meaningfulness",100
24,"exp_fall_concave","meaningfulness",72
24,"sin_fr_full","meaningfulness",100
24,"sin_fr_partial","meaningfulness",56
24,"sin_rf_full","meaningfulness",75
24,"sin_rf_partial","meaningfulness",57
24,"sin_rfr_full","meaningfulness",100
24,"sin_rfr_partial","meaningfulness",100
24,"sin_frf_full","meaningfulness",100
24,"sin_frf_partial","meaningfulness",100
24,"sin_frfr","meaningfulness",100
24,"sin_rfrf","meaningfulness",92
24,"logistic_rise","meaningfulness",100
24,"logistic_fall","meaningfulness",100
24,"positive_change_full","meaningfulness",75
24,"positive_change_partial","meaningfulness",78
24,"negative_change_full","meaningfulness",69
24,"negative_change_partial","meaningfulness",85
24,"linear_rise_sharp_fall","meaningfulness",40
24,"linear_rise_sharp_fall_exp_rise","meaningfulness",51
25,"linear_rise","meaningfulness",38
25,"linear_fall","meaningfulness",33
25,"linear_low","meaningfulness",1
25,"linear_middle","meaningfulness",50
25,"linear_high","meaningfulness",100
25,"exp_rise_convex","meaningfulness",30
25,"exp_fall_convex","meaningfulness",15
25,"exp_rise_concave","meaningfulness",85
25,"exp_fall_concave","meaningfulness",50
25,"sin_fr_full","meaningfulness",33
25,"sin_fr_partial","meaningfulness",35
25,"sin_rf_full","meaningfulness",35
25,"sin_rf_partial","meaningfulness",35
25,"sin_rfr_full","meaningfulness",32
25,"sin_rfr_partial","meaningfulness",33
25,"sin_frf_full","meaningfulness",33
25,"sin_frf_partial","meaningfulness",45
25,"sin_frfr","meaningfulness",35
25,"sin_rfrf","meaningfulness",35
25,"logistic_rise","meaningfulness",50
25,"logistic_fall","meaningfulness",25
25,"positive_change_full","meaningfulness",30
25,"positive_change_partial","meaningfulness",33
25,"negative_change_full","meaningfulness",35
25,"negative_change_partial","meaningfulness",50
25,"linear_rise_sharp_fall","meaningfulness",10
25,"linear_rise_sharp_fall_exp_rise","meaningfulness",33
26,"linear_rise","meaningfulness",50
26,"linear_fall","meaningfulness",62
26,"linear_low","meaningfulness",50
26,"linear_middle","meaningfulness",60
26,"linear_high","meaningfulness",58
26,"exp_rise_convex","meaningfulness",40
26,"exp_fall_convex","meaningfulness",50
26,"exp_rise_concave","meaningfulness",70
26,"exp_fall_concave","meaningfulness",60
26,"sin_fr_full","meaningfulness",50
26,"sin_fr_partial","meaningfulness",40
26,"sin_rf_full","meaningfulness",31
26,"sin_rf_partial","meaningfulness",40
26,"sin_rfr_full","meaningfulness",51
26,"sin_rfr_partial","meaningfulness",49
26,"sin_frf_full","meaningfulness",51
26,"sin_frf_partial","meaningfulness",41
26,"sin_frfr","meaningfulness",49
26,"sin_rfrf","meaningfulness",41
26,"logistic_rise","meaningfulness",41
26,"logistic_fall","meaningfulness",40
26,"positive_change_full","meaningfulness",52
26,"positive_change_partial","meaningfulness",60
26,"negative_change_full","meaningfulness",41
26,"negative_change_partial","meaningfulness",71
26,"linear_rise_sharp_fall","meaningfulness",43
26,"linear_rise_sharp_fall_exp_rise","meaningfulness",40
27,"linear_rise","meaningfulness",90
27,"linear_fall","meaningfulness",32
27,"linear_low","meaningfulness",5
27,"linear_middle","meaningfulness",42
27,"linear_high","meaningfulness",92
27,"exp_rise_convex","meaningfulness",38
27,"exp_fall_convex","meaningfulness",17
27,"exp_rise_concave","meaningfulness",84
27,"exp_fall_concave","meaningfulness",77
27,"sin_fr_full","meaningfulness",41
27,"sin_fr_partial","meaningfulness",66
27,"sin_rf_full","meaningfulness",60
27,"sin_rf_partial","meaningfulness",38
27,"sin_rfr_full","meaningfulness",60
27,"sin_rfr_partial","meaningfulness",53
27,"sin_frf_full","meaningfulness",56
27,"sin_frf_partial","meaningfulness",65
27,"sin_frfr","meaningfulness",41
27,"sin_rfrf","meaningfulness",64
27,"logistic_rise","meaningfulness",65
27,"logistic_fall","meaningfulness",38
27,"positive_change_full","meaningfulness",41
27,"positive_change_partial","meaningfulness",41
27,"negative_change_full","meaningfulness",79
27,"negative_change_partial","meaningfulness",85
27,"linear_rise_sharp_fall","meaningfulness",23
27,"linear_rise_sharp_fall_exp_rise","meaningfulness",57
28,"linear_rise","meaningfulness",76
28,"linear_fall","meaningfulness",100
28,"linear_low","meaningfulness",2
28,"linear_middle","meaningfulness",61
28,"linear_high","meaningfulness",94
28,"exp_rise_convex","meaningfulness",29
28,"exp_fall_convex","meaningfulness",79
28,"exp_rise_concave","meaningfulness",83
28,"exp_fall_concave","meaningfulness",100
28,"sin_fr_full","meaningfulness",79
28,"sin_fr_partial","meaningfulness",81
28,"sin_rf_full","meaningfulness",86
28,"sin_rf_partial","meaningfulness",72
28,"sin_rfr_full","meaningfulness",86
28,"sin_rfr_partial","meaningfulness",83
28,"sin_frf_full","meaningfulness",81
28,"sin_frf_partial","meaningfulness",93
28,"sin_frfr","meaningfulness",65
28,"sin_rfrf","meaningfulness",70
28,"logistic_rise","meaningfulness",47
28,"logistic_fall","meaningfulness",60
28,"positive_change_full","meaningfulness",77
28,"positive_change_partial","meaningfulness",91
28,"negative_change_full","meaningfulness",42
28,"negative_change_partial","meaningfulness",81
28,"linear_rise_sharp_fall","meaningfulness",33
28,"linear_rise_sharp_fall_exp_rise","meaningfulness",71
29,"linear_rise","meaningfulness",67
29,"linear_fall","meaningfulness",29
29,"linear_low","meaningfulness",12
29,"linear_middle","meaningfulness",16
29,"linear_high","meaningfulness",30
29,"exp_rise_convex","meaningfulness",62
29,"exp_fall_convex","meaningfulness",67
29,"exp_rise_concave","meaningfulness",71
29,"exp_fall_concave","meaningfulness",47
29,"sin_fr_full","meaningfulness",59
29,"sin_fr_partial","meaningfulness",73
29,"sin_rf_full","meaningfulness",66
29,"sin_rf_partial","meaningfulness",82
29,"sin_rfr_full","meaningfulness",82
29,"sin_rfr_partial","meaningfulness",61
29,"sin_frf_full","meaningfulness",73
29,"sin_frf_partial","meaningfulness",47
29,"sin_frfr","meaningfulness",74
29,"sin_rfrf","meaningfulness",58
29,"logistic_rise","meaningfulness",51
29,"logistic_fall","meaningfulness",66
29,"positive_change_full","meaningfulness",53
29,"positive_change_partial","meaningfulness",74
29,"negative_change_full","meaningfulness",43
29,"negative_change_partial","meaningfulness",76
29,"linear_rise_sharp_fall","meaningfulness",50
29,"linear_rise_sharp_fall_exp_rise","meaningfulness",44
30,"linear_rise","meaningfulness",84
30,"linear_fall","meaningfulness",79
30,"linear_low","meaningfulness",84
30,"linear_middle","meaningfulness",75
30,"linear_high","meaningfulness",89
30,"exp_rise_convex","meaningfulness",90
30,"exp_fall_convex","meaningfulness",87
30,"exp_rise_concave","meaningfulness",84
30,"exp_fall_concave","meaningfulness",83
30,"sin_fr_full","meaningfulness",90
30,"sin_fr_partial","meaningfulness",86
30,"sin_rf_full","meaningfulness",87
30,"sin_rf_partial","meaningfulness",80
30,"sin_rfr_full","meaningfulness",91
30,"sin_rfr_partial","meaningfulness",81
30,"sin_frf_full","meaningfulness",89
30,"sin_frf_partial","meaningfulness",82
30,"sin_frfr","meaningfulness",90
30,"sin_rfrf","meaningfulness",87
30,"logistic_rise","meaningfulness",92
30,"logistic_fall","meaningfulness",88
30,"positive_change_full","meaningfulness",89
30,"positive_change_partial","meaningfulness",86
30,"negative_change_full","meaningfulness",90
30,"negative_change_partial","meaningfulness",86
30,"linear_rise_sharp_fall","meaningfulness",87
30,"linear_rise_sharp_fall_exp_rise","meaningfulness",85
31,"linear_rise","meaningfulness",81
31,"linear_fall","meaningfulness",76
31,"linear_low","meaningfulness",36
31,"linear_middle","meaningfulness",73
31,"linear_high","meaningfulness",92
31,"exp_rise_convex","meaningfulness",74
31,"exp_fall_convex","meaningfulness",80
31,"exp_rise_concave","meaningfulness",77
31,"exp_fall_concave","meaningfulness",90
31,"sin_fr_full","meaningfulness",74
31,"sin_fr_partial","meaningfulness",72
31,"sin_rf_full","meaningfulness",70
31,"sin_rf_partial","meaningfulness",77
31,"sin_rfr_full","meaningfulness",78
31,"sin_rfr_partial","meaningfulness",72
31,"sin_frf_full","meaningfulness",76
31,"sin_frf_partial","meaningfulness",63
31,"sin_frfr","meaningfulness",66
31,"sin_rfrf","meaningfulness",72
31,"logistic_rise","meaningfulness",75
31,"logistic_fall","meaningfulness",59
31,"positive_change_full","meaningfulness",75
31,"positive_change_partial","meaningfulness",63
31,"negative_change_full","meaningfulness",56
31,"negative_change_partial","meaningfulness",82
31,"linear_rise_sharp_fall","meaningfulness",71
31,"linear_rise_sharp_fall_exp_rise","meaningfulness",77
32,"linear_rise","meaningfulness",85
32,"linear_fall","meaningfulness",5
32,"linear_low","meaningfulness",0
32,"linear_middle","meaningfulness",40
32,"linear_high","meaningfulness",100
32,"exp_rise_convex","meaningfulness",80
32,"exp_fall_convex","meaningfulness",10
32,"exp_rise_concave","meaningfulness",90
32,"exp_fall_concave","meaningfulness",40
32,"sin_fr_full","meaningfulness",60
32,"sin_fr_partial","meaningfulness",70
32,"sin_rf_full","meaningfulness",40
32,"sin_rf_partial","meaningfulness",70
32,"sin_rfr_full","meaningfulness",65
32,"sin_rfr_partial","meaningfulness",60
32,"sin_frf_full","meaningfulness",40
32,"sin_frf_partial","meaningfulness",40
32,"sin_frfr","meaningfulness",70
32,"sin_rfrf","meaningfulness",40
32,"logistic_rise","meaningfulness",90
32,"logistic_fall","meaningfulness",10
32,"positive_change_full","meaningfulness",40
32,"positive_change_partial","meaningfulness",40
32,"negative_change_full","meaningfulness",10
32,"negative_change_partial","meaningfulness",70
32,"linear_rise_sharp_fall","meaningfulness",30
32,"linear_rise_sharp_fall_exp_rise","meaningfulness",60
33,"linear_rise","meaningfulness",73
33,"linear_fall","meaningfulness",72
33,"linear_low","meaningfulness",100
33,"linear_middle","meaningfulness",82
33,"linear_high","meaningfulness",84
33,"exp_rise_convex","meaningfulness",82
33,"exp_fall_convex","meaningfulness",68
33,"exp_rise_concave","meaningfulness",67
33,"exp_fall_concave","meaningfulness",71
33,"sin_fr_full","meaningfulness",70
33,"sin_fr_partial","meaningfulness",66
33,"sin_rf_full","meaningfulness",76
33,"sin_rf_partial","meaningfulness",81
33,"sin_rfr_full","meaningfulness",73
33,"sin_rfr_partial","meaningfulness",71
33,"sin_frf_full","meaningfulness",73
33,"sin_frf_partial","meaningfulness",72
33,"sin_frfr","meaningfulness",70
33,"sin_rfrf","meaningfulness",76
33,"logistic_rise","meaningfulness",75
33,"logistic_fall","meaningfulness",73
33,"positive_change_full","meaningfulness",74
33,"positive_change_partial","meaningfulness",72
33,"negative_change_full","meaningfulness",70
33,"negative_change_partial","meaningfulness",64
33,"linear_rise_sharp_fall","meaningfulness",70
33,"linear_rise_sharp_fall_exp_rise","meaningfulness",70
34,"linear_rise","meaningfulness",66
34,"linear_fall","meaningfulness",18
34,"linear_low","meaningfulness",7
34,"linear_middle","meaningfulness",11
34,"linear_high","meaningfulness",36
34,"exp_rise_convex","meaningfulness",62
34,"exp_fall_convex","meaningfulness",56
34,"exp_rise_concave","meaningfulness",79
34,"exp_fall_concave","meaningfulness",57
34,"sin_fr_full","meaningfulness",68
34,"sin_fr_partial","meaningfulness",81
34,"sin_rf_full","meaningfulness",61
34,"sin_rf_partial","meaningfulness",23
34,"sin_rfr_full","meaningfulness",82
34,"sin_rfr_partial","meaningfulness",80
34,"sin_frf_full","meaningfulness",82
34,"sin_frf_partial","meaningfulness",83
34,"sin_frfr","meaningfulness",77
34,"sin_rfrf","meaningfulness",85
34,"logistic_rise","meaningfulness",58
34,"logistic_fall","meaningfulness",57
34,"positive_change_full","meaningfulness",56
34,"positive_change_partial","meaningfulness",59
34,"negative_change_full","meaningfulness",55
34,"negative_change_partial","meaningfulness",46
34,"linear_rise_sharp_fall","meaningfulness",35
34,"linear_rise_sharp_fall_exp_rise","meaningfulness",68
35,"linear_rise","meaningfulness",50
35,"linear_fall","meaningfulness",4
35,"linear_low","meaningfulness",5
35,"linear_middle","meaningfulness",33
35,"linear_high","meaningfulness",81
35,"exp_rise_convex","meaningfulness",60
35,"exp_fall_convex","meaningfulness",75
35,"exp_rise_concave","meaningfulness",45
35,"exp_fall_concave","meaningfulness",72
35,"sin_fr_full","meaningfulness",65
35,"sin_fr_partial","meaningfulness",90
35,"sin_rf_full","meaningfulness",82
35,"sin_rf_partial","meaningfulness",95
35,"sin_rfr_full","meaningfulness",62
35,"sin_rfr_partial","meaningfulness",70
35,"sin_frf_full","meaningfulness",92
35,"sin_frf_partial","meaningfulness",79
35,"sin_frfr","meaningfulness",98
35,"sin_rfrf","meaningfulness",97
35,"logistic_rise","meaningfulness",13
35,"logistic_fall","meaningfulness",86
35,"positive_change_full","meaningfulness",42
35,"positive_change_partial","meaningfulness",55
35,"negative_change_full","meaningfulness",76
35,"negative_change_partial","meaningfulness",60
35,"linear_rise_sharp_fall","meaningfulness",80
35,"linear_rise_sharp_fall_exp_rise","meaningfulness",20
36,"linear_rise","meaningfulness",95
36,"linear_fall","meaningfulness",30
36,"linear_low","meaningfulness",5
36,"linear_middle","meaningfulness",50
36,"linear_high","meaningfulness",85
36,"exp_rise_convex","meaningfulness",80
36,"exp_fall_convex","meaningfulness",30
36,"exp_rise_concave","meaningfulness",80
36,"exp_fall_concave","meaningfulness",45
36,"sin_fr_full","meaningfulness",70
36,"sin_fr_partial","meaningfulness",85
36,"sin_rf_full","meaningfulness",40
36,"sin_rf_partial","meaningfulness",40
36,"sin_rfr_full","meaningfulness",80
36,"sin_rfr_partial","meaningfulness",75
36,"sin_frf_full","meaningfulness",30
36,"sin_frf_partial","meaningfulness",60
36,"sin_frfr","meaningfulness",65
36,"sin_rfrf","meaningfulness",70
36,"logistic_rise","meaningfulness",80
36,"logistic_fall","meaningfulness",35
36,"positive_change_full","meaningfulness",45
36,"positive_change_partial","meaningfulness",55
36,"negative_change_full","meaningfulness",65
36,"negative_change_partial","meaningfulness",80
36,"linear_rise_sharp_fall","meaningfulness",30
36,"linear_rise_sharp_fall_exp_rise","meaningfulness",75
37,"linear_rise","meaningfulness",89
37,"linear_fall","meaningfulness",61
37,"linear_low","meaningfulness",93
37,"linear_middle","meaningfulness",40
37,"linear_high","meaningfulness",98
37,"exp_rise_convex","meaningfulness",99
37,"exp_fall_convex","meaningfulness",59
37,"exp_rise_concave","meaningfulness",96
37,"exp_fall_concave","meaningfulness",71
37,"sin_fr_full","meaningfulness",60
37,"sin_fr_partial","meaningfulness",89
37,"sin_rf_full","meaningfulness",92
37,"sin_rf_partial","meaningfulness",72
37,"sin_rfr_full","meaningfulness",78
37,"sin_rfr_partial","meaningfulness",68
37,"sin_frf_full","meaningfulness",22
37,"sin_frf_partial","meaningfulness",11
37,"sin_frfr","meaningfulness",20
37,"sin_rfrf","meaningfulness",78
37,"logistic_rise","meaningfulness",69
37,"logistic_fall","meaningfulness",37
37,"positive_change_full","meaningfulness",79
37,"positive_change_partial","meaningfulness",46
37,"negative_change_full","meaningfulness",85
37,"negative_change_partial","meaningfulness",79
37,"linear_rise_sharp_fall","meaningfulness",74
37,"linear_rise_sharp_fall_exp_rise","meaningfulness",92
38,"linear_rise","meaningfulness",100
38,"linear_fall","meaningfulness",8
38,"linear_low","meaningfulness",0
38,"linear_middle","meaningfulness",68
38,"linear_high","meaningfulness",100
38,"exp_rise_convex","meaningfulness",83
38,"exp_fall_convex","meaningfulness",24
38,"exp_rise_concave","meaningfulness",91
38,"exp_fall_concave","meaningfulness",43
38,"sin_fr_full","meaningfulness",85
38,"sin_fr_partial","meaningfulness",83
38,"sin_rf_full","meaningfulness",61
38,"sin_rf_partial","meaningfulness",33
38,"sin_rfr_full","meaningfulness",66
38,"sin_rfr_partial","meaningfulness",61
38,"sin_frf_full","meaningfulness",84
38,"sin_frf_partial","meaningfulness",56
38,"sin_frfr","meaningfulness",63
38,"sin_rfrf","meaningfulness",70
38,"logistic_rise","meaningfulness",61
38,"logistic_fall","meaningfulness",15
38,"positive_change_full","meaningfulness",37
38,"positive_change_partial","meaningfulness",47
38,"negative_change_full","meaningfulness",40
38,"negative_change_partial","meaningfulness",83
38,"linear_rise_sharp_fall","meaningfulness",23
38,"linear_rise_sharp_fall_exp_rise","meaningfulness",57
39,"linear_rise","meaningfulness",72
39,"linear_fall","meaningfulness",8
39,"linear_low","meaningfulness",81
39,"linear_middle","meaningfulness",72
39,"linear_high","meaningfulness",91
39,"exp_rise_convex","meaningfulness",71
39,"exp_fall_convex","meaningfulness",39
39,"exp_rise_concave","meaningfulness",61
39,"exp_fall_concave","meaningfulness",1
39,"sin_fr_full","meaningfulness",61
39,"sin_fr_partial","meaningfulness",51
39,"sin_rf_full","meaningfulness",30
39,"sin_rf_partial","meaningfulness",39
39,"sin_rfr_full","meaningfulness",41
39,"sin_rfr_partial","meaningfulness",61
39,"sin_frf_full","meaningfulness",60
39,"sin_frf_partial","meaningfulness",61
39,"sin_frfr","meaningfulness",30
39,"sin_rfrf","meaningfulness",30
39,"logistic_rise","meaningfulness",61
39,"logistic_fall","meaningfulness",50
39,"positive_change_full","meaningfulness",62
39,"positive_change_partial","meaningfulness",29
39,"negative_change_full","meaningfulness",20
39,"negative_change_partial","meaningfulness",40
39,"linear_rise_sharp_fall","meaningfulness",53
39,"linear_rise_sharp_fall_exp_rise","meaningfulness",61
40,"linear_rise","meaningfulness",100
40,"linear_fall","meaningfulness",100
40,"linear_low","meaningfulness",0
40,"linear_middle","meaningfulness",100
40,"linear_high","meaningfulness",100
40,"exp_rise_convex","meaningfulness",81
40,"exp_fall_convex","meaningfulness",100
40,"exp_rise_concave","meaningfulness",99
40,"exp_fall_concave","meaningfulness",100
40,"sin_fr_full","meaningfulness",100
40,"sin_fr_partial","meaningfulness",100
40,"sin_rf_full","meaningfulness",100
40,"sin_rf_partial","meaningfulness",51
40,"sin_rfr_full","meaningfulness",100
40,"sin_rfr_partial","meaningfulness",100
40,"sin_frf_full","meaningfulness",100
40,"sin_frf_partial","meaningfulness",100
40,"sin_frfr","meaningfulness",99
40,"sin_rfrf","meaningfulness",100
40,"logistic_rise","meaningfulness",100
40,"logistic_fall","meaningfulness",99
40,"positive_change_full","meaningfulness",100
40,"positive_change_partial","meaningfulness",100
40,"negative_change_full","meaningfulness",100
40,"negative_change_partial","meaningfulness",100
40,"linear_rise_sharp_fall","meaningfulness",50
40,"linear_rise_sharp_fall_exp_rise","meaningfulness",82
41,"linear_rise","meaningfulness",75
41,"linear_fall","meaningfulness",31
41,"linear_low","meaningfulness",0
41,"linear_middle","meaningfulness",13
41,"linear_high","meaningfulness",100
41,"exp_rise_convex","meaningfulness",71
41,"exp_fall_convex","meaningfulness",25
41,"exp_rise_concave","meaningfulness",100
41,"exp_fall_concave","meaningfulness",30
41,"sin_fr_full","meaningfulness",60
41,"sin_fr_partial","meaningfulness",82
41,"sin_rf_full","meaningfulness",52
41,"sin_rf_partial","meaningfulness",40
41,"sin_rfr_full","meaningfulness",61
41,"sin_rfr_partial","meaningfulness",61
41,"sin_frf_full","meaningfulness",61
41,"sin_frf_partial","meaningfulness",60
41,"sin_frfr","meaningfulness",75
41,"sin_rfrf","meaningfulness",65
41,"logistic_rise","meaningfulness",78
41,"logistic_fall","meaningfulness",36
41,"positive_change_full","meaningfulness",60
41,"positive_change_partial","meaningfulness",60
41,"negative_change_full","meaningfulness",51
41,"negative_change_partial","meaningfulness",66
41,"linear_rise_sharp_fall","meaningfulness",0
41,"linear_rise_sharp_fall_exp_rise","meaningfulness",71
42,"linear_rise","meaningfulness",40
42,"linear_fall","meaningfulness",80
42,"linear_low","meaningfulness",85
42,"linear_middle","meaningfulness",83
42,"linear_high","meaningfulness",82
42,"exp_rise_convex","meaningfulness",70
42,"exp_fall_convex","meaningfulness",84
42,"exp_rise_concave","meaningfulness",58
42,"exp_fall_concave","meaningfulness",74
42,"sin_fr_full","meaningfulness",72
42,"sin_fr_partial","meaningfulness",71
42,"sin_rf_full","meaningfulness",77
42,"sin_rf_partial","meaningfulness",79
42,"sin_rfr_full","meaningfulness",68
42,"sin_rfr_partial","meaningfulness",74
42,"sin_frf_full","meaningfulness",76
42,"sin_frf_partial","meaningfulness",72
42,"sin_frfr","meaningfulness",74
42,"sin_rfrf","meaningfulness",59
42,"logistic_rise","meaningfulness",81
42,"logistic_fall","meaningfulness",83
42,"positive_change_full","meaningfulness",71
42,"positive_change_partial","meaningfulness",76
42,"negative_change_full","meaningfulness",72
42,"negative_change_partial","meaningfulness",74
42,"linear_rise_sharp_fall","meaningfulness",77
42,"linear_rise_sharp_fall_exp_rise","meaningfulness",73
43,"linear_rise","meaningfulness",48
43,"linear_fall","meaningfulness",63
43,"linear_low","meaningfulness",22
43,"linear_middle","meaningfulness",55
43,"linear_high","meaningfulness",48
43,"exp_rise_convex","meaningfulness",49
43,"exp_fall_convex","meaningfulness",51
43,"exp_rise_concave","meaningfulness",54
43,"exp_fall_concave","meaningfulness",31
43,"sin_fr_full","meaningfulness",56
43,"sin_fr_partial","meaningfulness",44
43,"sin_rf_full","meaningfulness",67
43,"sin_rf_partial","meaningfulness",51
43,"sin_rfr_full","meaningfulness",54
43,"sin_rfr_partial","meaningfulness",52
43,"sin_frf_full","meaningfulness",54
43,"sin_frf_partial","meaningfulness",51
43,"sin_frfr","meaningfulness",50
43,"sin_rfrf","meaningfulness",53
43,"logistic_rise","meaningfulness",46
43,"logistic_fall","meaningfulness",50
43,"positive_change_full","meaningfulness",49
43,"positive_change_partial","meaningfulness",56
43,"negative_change_full","meaningfulness",66
43,"negative_change_partial","meaningfulness",60
43,"linear_rise_sharp_fall","meaningfulness",52
43,"linear_rise_sharp_fall_exp_rise","meaningfulness",44
44,"linear_rise","meaningfulness",72
44,"linear_fall","meaningfulness",50
44,"linear_low","meaningfulness",24
44,"linear_middle","meaningfulness",51
44,"linear_high","meaningfulness",100
44,"exp_rise_convex","meaningfulness",68
44,"exp_fall_convex","meaningfulness",59
44,"exp_rise_concave","meaningfulness",80
44,"exp_fall_concave","meaningfulness",20
44,"sin_fr_full","meaningfulness",51
44,"sin_fr_partial","meaningfulness",75
44,"sin_rf_full","meaningfulness",66
44,"sin_rf_partial","meaningfulness",51
44,"sin_rfr_full","meaningfulness",50
44,"sin_rfr_partial","meaningfulness",51
44,"sin_frf_full","meaningfulness",56
44,"sin_frf_partial","meaningfulness",54
44,"sin_frfr","meaningfulness",75
44,"sin_rfrf","meaningfulness",60
44,"logistic_rise","meaningfulness",62
44,"logistic_fall","meaningfulness",50
44,"positive_change_full","meaningfulness",49
44,"positive_change_partial","meaningfulness",67
44,"negative_change_full","meaningfulness",49
44,"negative_change_partial","meaningfulness",72
44,"linear_rise_sharp_fall","meaningfulness",51
44,"linear_rise_sharp_fall_exp_rise","meaningfulness",75
45,"linear_rise","meaningfulness",60
45,"linear_fall","meaningfulness",20
45,"linear_low","meaningfulness",0
45,"linear_middle","meaningfulness",50
45,"linear_high","meaningfulness",100
45,"exp_rise_convex","meaningfulness",20
45,"exp_fall_convex","meaningfulness",10
45,"exp_rise_concave","meaningfulness",80
45,"exp_fall_concave","meaningfulness",30
45,"sin_fr_full","meaningfulness",40
45,"sin_fr_partial","meaningfulness",60
45,"sin_rf_full","meaningfulness",30
45,"sin_rf_partial","meaningfulness",30
45,"sin_rfr_full","meaningfulness",60
45,"sin_rfr_partial","meaningfulness",40
45,"sin_frf_full","meaningfulness",10
45,"sin_frf_partial","meaningfulness",20
45,"sin_frfr","meaningfulness",30
45,"sin_rfrf","meaningfulness",10
45,"logistic_rise","meaningfulness",50
45,"logistic_fall","meaningfulness",30
45,"positive_change_full","meaningfulness",40
45,"positive_change_partial","meaningfulness",20
45,"negative_change_full","meaningfulness",30
45,"negative_change_partial","meaningfulness",60
45,"linear_rise_sharp_fall","meaningfulness",10
45,"linear_rise_sharp_fall_exp_rise","meaningfulness",30
46,"linear_rise","meaningfulness",80
46,"linear_fall","meaningfulness",45
46,"linear_low","meaningfulness",1
46,"linear_middle","meaningfulness",70
46,"linear_high","meaningfulness",95
46,"exp_rise_convex","meaningfulness",51
46,"exp_fall_convex","meaningfulness",33
46,"exp_rise_concave","meaningfulness",85
46,"exp_fall_concave","meaningfulness",58
46,"sin_fr_full","meaningfulness",45
46,"sin_fr_partial","meaningfulness",62
46,"sin_rf_full","meaningfulness",65
46,"sin_rf_partial","meaningfulness",58
46,"sin_rfr_full","meaningfulness",55
46,"sin_rfr_partial","meaningfulness",60
46,"sin_frf_full","meaningfulness",55
46,"sin_frf_partial","meaningfulness",50
46,"sin_frfr","meaningfulness",65
46,"sin_rfrf","meaningfulness",49
46,"logistic_rise","meaningfulness",50
46,"logistic_fall","meaningfulness",49
46,"positive_change_full","meaningfulness",50
46,"positive_change_partial","meaningfulness",25
46,"negative_change_full","meaningfulness",67
46,"negative_change_partial","meaningfulness",67
46,"linear_rise_sharp_fall","meaningfulness",35
46,"linear_rise_sharp_fall_exp_rise","meaningfulness",61
47,"linear_rise","meaningfulness",56
47,"linear_fall","meaningfulness",59
47,"linear_low","meaningfulness",20
47,"linear_middle","meaningfulness",68
47,"linear_high","meaningfulness",97
47,"exp_rise_convex","meaningfulness",62
47,"exp_fall_convex","meaningfulness",65
47,"exp_rise_concave","meaningfulness",72
47,"exp_fall_concave","meaningfulness",72
47,"sin_fr_full","meaningfulness",57
47,"sin_fr_partial","meaningfulness",54
47,"sin_rf_full","meaningfulness",56
47,"sin_rf_partial","meaningfulness",58
47,"sin_rfr_full","meaningfulness",60
47,"sin_rfr_partial","meaningfulness",52
47,"sin_frf_full","meaningfulness",60
47,"sin_frf_partial","meaningfulness",55
47,"sin_frfr","meaningfulness",75
47,"sin_rfrf","meaningfulness",61
47,"logistic_rise","meaningfulness",61
47,"logistic_fall","meaningfulness",59
47,"positive_change_full","meaningfulness",68
47,"positive_change_partial","meaningfulness",45
47,"negative_change_full","meaningfulness",70
47,"negative_change_partial","meaningfulness",69
47,"linear_rise_sharp_fall","meaningfulness",30
47,"linear_rise_sharp_fall_exp_rise","meaningfulness",56
48,"linear_rise","meaningfulness",91
48,"linear_fall","meaningfulness",15
48,"linear_low","meaningfulness",0
48,"linear_middle","meaningfulness",50
48,"linear_high","meaningfulness",100
48,"exp_rise_convex","meaningfulness",92
48,"exp_fall_convex","meaningfulness",60
48,"exp_rise_concave","meaningfulness",100
48,"exp_fall_concave","meaningfulness",100
48,"sin_fr_full","meaningfulness",91
48,"sin_fr_partial","meaningfulness",81
48,"sin_rf_full","meaningfulness",50
48,"sin_rf_partial","meaningfulness",30
48,"sin_rfr_full","meaningfulness",81
48,"sin_rfr_partial","meaningfulness",70
48,"sin_frf_full","meaningfulness",50
48,"sin_frf_partial","meaningfulness",50
48,"sin_frfr","meaningfulness",51
48,"sin_rfrf","meaningfulness",70
48,"logistic_rise","meaningfulness",73
48,"logistic_fall","meaningfulness",82
48,"positive_change_full","meaningfulness",40
48,"positive_change_partial","meaningfulness",20
48,"negative_change_full","meaningfulness",91
48,"negative_change_partial","meaningfulness",85
48,"linear_rise_sharp_fall","meaningfulness",5
48,"linear_rise_sharp_fall_exp_rise","meaningfulness",70
49,"linear_rise","meaningfulness",91
49,"linear_fall","meaningfulness",23
49,"linear_low","meaningfulness",0
49,"linear_middle","meaningfulness",45
49,"linear_high","meaningfulness",100
49,"exp_rise_convex","meaningfulness",83
49,"exp_fall_convex","meaningfulness",14
49,"exp_rise_concave","meaningfulness",98
49,"exp_fall_concave","meaningfulness",54
49,"sin_fr_full","meaningfulness",82
49,"sin_fr_partial","meaningfulness",99
49,"sin_rf_full","meaningfulness",66
49,"sin_rf_partial","meaningfulness",57
49,"sin_rfr_full","meaningfulness",87
49,"sin_rfr_partial","meaningfulness",85
49,"sin_frf_full","meaningfulness",90
49,"sin_frf_partial","meaningfulness",89
49,"sin_frfr","meaningfulness",91
49,"sin_rfrf","meaningfulness",65
49,"logistic_rise","meaningfulness",76
49,"logistic_fall","meaningfulness",88
49,"positive_change_full","meaningfulness",69
49,"positive_change_partial","meaningfulness",92
49,"negative_change_full","meaningfulness",38
49,"negative_change_partial","meaningfulness",84
49,"linear_rise_sharp_fall","meaningfulness",24
49,"linear_rise_sharp_fall_exp_rise","meaningfulness",79
50,"linear_rise","meaningfulness",100
50,"linear_fall","meaningfulness",64
50,"linear_low","meaningfulness",40
50,"linear_middle","meaningfulness",50
50,"linear_high","meaningfulness",100
50,"exp_rise_convex","meaningfulness",85
50,"exp_fall_convex","meaningfulness",46
50,"exp_rise_concave","meaningfulness",98
50,"exp_fall_concave","meaningfulness",93
50,"sin_fr_full","meaningfulness",80
50,"sin_fr_partial","meaningfulness",86
50,"sin_rf_full","meaningfulness",72
50,"sin_rf_partial","meaningfulness",71
50,"sin_rfr_full","meaningfulness",89
50,"sin_rfr_partial","meaningfulness",92
50,"sin_frf_full","meaningfulness",80
50,"sin_frf_partial","meaningfulness",69
50,"sin_frfr","meaningfulness",89
50,"sin_rfrf","meaningfulness",92
50,"logistic_rise","meaningfulness",100
50,"logistic_fall","meaningfulness",51
50,"positive_change_full","meaningfulness",69
50,"positive_change_partial","meaningfulness",76
50,"negative_change_full","meaningfulness",92
50,"negative_change_partial","meaningfulness",83
50,"linear_rise_sharp_fall","meaningfulness",40
50,"linear_rise_sharp_fall_exp_rise","meaningfulness",76
51,"linear_rise","meaningfulness",95
51,"linear_fall","meaningfulness",0
51,"linear_low","meaningfulness",0
51,"linear_middle","meaningfulness",0
51,"linear_high","meaningfulness",4
51,"exp_rise_convex","meaningfulness",61
51,"exp_fall_convex","meaningfulness",8
51,"exp_rise_concave","meaningfulness",58
51,"exp_fall_concave","meaningfulness",13
51,"sin_fr_full","meaningfulness",82
51,"sin_fr_partial","meaningfulness",76
51,"sin_rf_full","meaningfulness",10
51,"sin_rf_partial","meaningfulness",15
51,"sin_rfr_full","meaningfulness",74
51,"sin_rfr_partial","meaningfulness",29
51,"sin_frf_full","meaningfulness",30
51,"sin_frf_partial","meaningfulness",18
51,"sin_frfr","meaningfulness",98
51,"sin_rfrf","meaningfulness",23
51,"logistic_rise","meaningfulness",90
51,"logistic_fall","meaningfulness",15
51,"positive_change_full","meaningfulness",41
51,"positive_change_partial","meaningfulness",19
51,"negative_change_full","meaningfulness",4
51,"negative_change_partial","meaningfulness",35
51,"linear_rise_sharp_fall","meaningfulness",19
51,"linear_rise_sharp_fall_exp_rise","meaningfulness",17
52,"linear_rise","meaningfulness",68
52,"linear_fall","meaningfulness",52
52,"linear_low","meaningfulness",9
52,"linear_middle","meaningfulness",71
52,"linear_high","meaningfulness",97
52,"exp_rise_convex","meaningfulness",74
52,"exp_fall_convex","meaningfulness",23
52,"exp_rise_concave","meaningfulness",77
52,"exp_fall_concave","meaningfulness",77
52,"sin_fr_full","meaningfulness",57
52,"sin_fr_partial","meaningfulness",58
52,"sin_rf_full","meaningfulness",57
52,"sin_rf_partial","meaningfulness",57
52,"sin_rfr_full","meaningfulness",58
52,"sin_rfr_partial","meaningfulness",59
52,"sin_frf_full","meaningfulness",51
52,"sin_frf_partial","meaningfulness",42
52,"sin_frfr","meaningfulness",43
52,"sin_rfrf","meaningfulness",70
52,"logistic_rise","meaningfulness",50
52,"logistic_fall","meaningfulness",36
52,"positive_change_full","meaningfulness",64
52,"positive_change_partial","meaningfulness",36
52,"negative_change_full","meaningfulness",61
52,"negative_change_partial","meaningfulness",53
52,"linear_rise_sharp_fall","meaningfulness",21
52,"linear_rise_sharp_fall_exp_rise","meaningfulness",80
53,"linear_rise","meaningfulness",69
53,"linear_fall","meaningfulness",39
53,"linear_low","meaningfulness",17
53,"linear_middle","meaningfulness",45
53,"linear_high","meaningfulness",96
53,"exp_rise_convex","meaningfulness",55
53,"exp_fall_convex","meaningfulness",24
53,"exp_rise_concave","meaningfulness",74
53,"exp_fall_concave","meaningfulness",53
53,"sin_fr_full","meaningfulness",64
53,"sin_fr_partial","meaningfulness",53
53,"sin_rf_full","meaningfulness",45
53,"sin_rf_partial","meaningfulness",45
53,"sin_rfr_full","meaningfulness",58
53,"sin_rfr_partial","meaningfulness",54
53,"sin_frf_full","meaningfulness",55
53,"sin_frf_partial","meaningfulness",60
53,"sin_frfr","meaningfulness",60
53,"sin_rfrf","meaningfulness",78
53,"logistic_rise","meaningfulness",69
53,"logistic_fall","meaningfulness",43
53,"positive_change_full","meaningfulness",58
53,"positive_change_partial","meaningfulness",38
53,"negative_change_full","meaningfulness",54
53,"negative_change_partial","meaningfulness",64
53,"linear_rise_sharp_fall","meaningfulness",32
53,"linear_rise_sharp_fall_exp_rise","meaningfulness",48
54,"linear_rise","meaningfulness",59
54,"linear_fall","meaningfulness",44
54,"linear_low","meaningfulness",0
54,"linear_middle","meaningfulness",56
54,"linear_high","meaningfulness",91
54,"exp_rise_convex","meaningfulness",70
54,"exp_fall_convex","meaningfulness",24
54,"exp_rise_concave","meaningfulness",71
54,"exp_fall_concave","meaningfulness",49
54,"sin_fr_full","meaningfulness",25
54,"sin_fr_partial","meaningfulness",68
54,"sin_rf_full","meaningfulness",76
54,"sin_rf_partial","meaningfulness",61
54,"sin_rfr_full","meaningfulness",49
54,"sin_rfr_partial","meaningfulness",42
54,"sin_frf_full","meaningfulness",51
54,"sin_frf_partial","meaningfulness",67
54,"sin_frfr","meaningfulness",47
54,"sin_rfrf","meaningfulness",61
54,"logistic_rise","meaningfulness",63
54,"logistic_fall","meaningfulness",35
54,"positive_change_full","meaningfulness",54
54,"positive_change_partial","meaningfulness",22
54,"negative_change_full","meaningfulness",68
54,"negative_change_partial","meaningfulness",57
54,"linear_rise_sharp_fall","meaningfulness",16
54,"linear_rise_sharp_fall_exp_rise","meaningfulness",65
55,"linear_rise","meaningfulness",80
55,"linear_fall","meaningfulness",30
55,"linear_low","meaningfulness",0
55,"linear_middle","meaningfulness",29
55,"linear_high","meaningfulness",100
55,"exp_rise_convex","meaningfulness",60
55,"exp_fall_convex","meaningfulness",10
55,"exp_rise_concave","meaningfulness",90
55,"exp_fall_concave","meaningfulness",95
55,"sin_fr_full","meaningfulness",60
55,"sin_fr_partial","meaningfulness",85
55,"sin_rf_full","meaningfulness",50
55,"sin_rf_partial","meaningfulness",20
55,"sin_rfr_full","meaningfulness",50
55,"sin_rfr_partial","meaningfulness",30
55,"sin_frf_full","meaningfulness",70
55,"sin_frf_partial","meaningfulness",70
55,"sin_frfr","meaningfulness",50
55,"sin_rfrf","meaningfulness",65
55,"logistic_rise","meaningfulness",70
55,"logistic_fall","meaningfulness",40
55,"positive_change_full","meaningfulness",60
55,"positive_change_partial","meaningfulness",50
55,"negative_change_full","meaningfulness",45
55,"negative_change_partial","meaningfulness",40
55,"linear_rise_sharp_fall","meaningfulness",20
55,"linear_rise_sharp_fall_exp_rise","meaningfulness",55
56,"linear_rise","meaningfulness",82
56,"linear_fall","meaningfulness",0
56,"linear_low","meaningfulness",0
56,"linear_middle","meaningfulness",50
56,"linear_high","meaningfulness",100
56,"exp_rise_convex","meaningfulness",60
56,"exp_fall_convex","meaningfulness",8
56,"exp_rise_concave","meaningfulness",90
56,"exp_fall_concave","meaningfulness",60
56,"sin_fr_full","meaningfulness",40
56,"sin_fr_partial","meaningfulness",60
56,"sin_rf_full","meaningfulness",41
56,"sin_rf_partial","meaningfulness",50
56,"sin_rfr_full","meaningfulness",51
56,"sin_rfr_partial","meaningfulness",50
56,"sin_frf_full","meaningfulness",40
56,"sin_frf_partial","meaningfulness",40
56,"sin_frfr","meaningfulness",60
56,"sin_rfrf","meaningfulness",30
56,"logistic_rise","meaningfulness",70
56,"logistic_fall","meaningfulness",5
56,"positive_change_full","meaningfulness",30
56,"positive_change_partial","meaningfulness",50
56,"negative_change_full","meaningfulness",30
56,"negative_change_partial","meaningfulness",61
56,"linear_rise_sharp_fall","meaningfulness",9
56,"linear_rise_sharp_fall_exp_rise","meaningfulness",81
57,"linear_rise","meaningfulness",87
57,"linear_fall","meaningfulness",3
57,"linear_low","meaningfulness",2
57,"linear_middle","meaningfulness",50
57,"linear_high","meaningfulness",90
57,"exp_rise_convex","meaningfulness",94
57,"exp_fall_convex","meaningfulness",19
57,"exp_rise_concave","meaningfulness",88
57,"exp_fall_concave","meaningfulness",3
57,"sin_fr_full","meaningfulness",75
57,"sin_fr_partial","meaningfulness",85
57,"sin_rf_full","meaningfulness",62
57,"sin_rf_partial","meaningfulness",17
57,"sin_rfr_full","meaningfulness",85
57,"sin_rfr_partial","meaningfulness",80
57,"sin_frf_full","meaningfulness",45
57,"sin_frf_partial","meaningfulness",45
57,"sin_frfr","meaningfulness",47
57,"sin_rfrf","meaningfulness",70
57,"logistic_rise","meaningfulness",80
57,"logistic_fall","meaningfulness",25
57,"positive_change_full","meaningfulness",71
57,"positive_change_partial","meaningfulness",45
57,"negative_change_full","meaningfulness",59
57,"negative_change_partial","meaningfulness",60
57,"linear_rise_sharp_fall","meaningfulness",15
57,"linear_rise_sharp_fall_exp_rise","meaningfulness",74
58,"linear_rise","meaningfulness",72
58,"linear_fall","meaningfulness",32
58,"linear_low","meaningfulness",0
58,"linear_middle","meaningfulness",45
58,"linear_high","meaningfulness",100
58,"exp_rise_convex","meaningfulness",74
58,"exp_fall_convex","meaningfulness",11
58,"exp_rise_concave","meaningfulness",94
58,"exp_fall_concave","meaningfulness",44
58,"sin_fr_full","meaningfulness",49
58,"sin_fr_partial","meaningfulness",68
58,"sin_rf_full","meaningfulness",59
58,"sin_rf_partial","meaningfulness",59
58,"sin_rfr_full","meaningfulness",58
58,"sin_rfr_partial","meaningfulness",59
58,"sin_frf_full","meaningfulness",59
58,"sin_frf_partial","meaningfulness",58
58,"sin_frfr","meaningfulness",50
58,"sin_rfrf","meaningfulness",58
58,"logistic_rise","meaningfulness",69
58,"logistic_fall","meaningfulness",51
58,"positive_change_full","meaningfulness",58
58,"positive_change_partial","meaningfulness",51
58,"negative_change_full","meaningfulness",61
58,"negative_change_partial","meaningfulness",48
58,"linear_rise_sharp_fall","meaningfulness",45
58,"linear_rise_sharp_fall_exp_rise","meaningfulness",65
59,"linear_rise","meaningfulness",85
59,"linear_fall","meaningfulness",40
59,"linear_low","meaningfulness",25
59,"linear_middle","meaningfulness",30
59,"linear_high","meaningfulness",60
59,"exp_rise_convex","meaningfulness",80
59,"exp_fall_convex","meaningfulness",30
59,"exp_rise_concave","meaningfulness",85
59,"exp_fall_concave","meaningfulness",60
59,"sin_fr_full","meaningfulness",85
59,"sin_fr_partial","meaningfulness",85
59,"sin_rf_full","meaningfulness",60
59,"sin_rf_partial","meaningfulness",55
59,"sin_rfr_full","meaningfulness",70
59,"sin_rfr_partial","meaningfulness",85
59,"sin_frf_full","meaningfulness",65
59,"sin_frf_partial","meaningfulness",65
59,"sin_frfr","meaningfulness",70
59,"sin_rfrf","meaningfulness",60
59,"logistic_rise","meaningfulness",85
59,"logistic_fall","meaningfulness",55
59,"positive_change_full","meaningfulness",70
59,"positive_change_partial","meaningfulness",70
59,"negative_change_full","meaningfulness",75
59,"negative_change_partial","meaningfulness",55
59,"linear_rise_sharp_fall","meaningfulness",40
59,"linear_rise_sharp_fall_exp_rise","meaningfulness",80
60,"linear_rise","meaningfulness",88
60,"linear_fall","meaningfulness",29
60,"linear_low","meaningfulness",0
60,"linear_middle","meaningfulness",50
60,"linear_high","meaningfulness",100
60,"exp_rise_convex","meaningfulness",60
60,"exp_fall_convex","meaningfulness",31
60,"exp_rise_concave","meaningfulness",91
60,"exp_fall_concave","meaningfulness",50
60,"sin_fr_full","meaningfulness",78
60,"sin_fr_partial","meaningfulness",82
60,"sin_rf_full","meaningfulness",67
60,"sin_rf_partial","meaningfulness",84
60,"sin_rfr_full","meaningfulness",79
60,"sin_rfr_partial","meaningfulness",70
60,"sin_frf_full","meaningfulness",73
60,"sin_frf_partial","meaningfulness",65
60,"sin_frfr","meaningfulness",69
60,"sin_rfrf","meaningfulness",66
60,"logistic_rise","meaningfulness",82
60,"logistic_fall","meaningfulness",39
60,"positive_change_full","meaningfulness",87
60,"positive_change_partial","meaningfulness",54
60,"negative_change_full","meaningfulness",76
60,"negative_change_partial","meaningfulness",97
60,"linear_rise_sharp_fall","meaningfulness",29
60,"linear_rise_sharp_fall_exp_rise","meaningfulness",61
61,"linear_rise","meaningfulness",91
61,"linear_fall","meaningfulness",65
61,"linear_low","meaningfulness",4
61,"linear_middle","meaningfulness",14
61,"linear_high","meaningfulness",5
61,"exp_rise_convex","meaningfulness",90
61,"exp_fall_convex","meaningfulness",20
61,"exp_rise_concave","meaningfulness",85
61,"exp_fall_concave","meaningfulness",65
61,"sin_fr_full","meaningfulness",80
61,"sin_fr_partial","meaningfulness",85
61,"sin_rf_full","meaningfulness",60
61,"sin_rf_partial","meaningfulness",70
61,"sin_rfr_full","meaningfulness",80
61,"sin_rfr_partial","meaningfulness",85
61,"sin_frf_full","meaningfulness",82
61,"sin_frf_partial","meaningfulness",81
61,"sin_frfr","meaningfulness",85
61,"sin_rfrf","meaningfulness",85
61,"logistic_rise","meaningfulness",86
61,"logistic_fall","meaningfulness",15
61,"positive_change_full","meaningfulness",80
61,"positive_change_partial","meaningfulness",80
61,"negative_change_full","meaningfulness",65
61,"negative_change_partial","meaningfulness",75
61,"linear_rise_sharp_fall","meaningfulness",20
61,"linear_rise_sharp_fall_exp_rise","meaningfulness",86
62,"linear_rise","meaningfulness",100
62,"linear_fall","meaningfulness",100
62,"linear_low","meaningfulness",0
62,"linear_middle","meaningfulness",100
62,"linear_high","meaningfulness",100
62,"exp_rise_convex","meaningfulness",100
62,"exp_fall_convex","meaningfulness",100
62,"exp_rise_concave","meaningfulness",100
62,"exp_fall_concave","meaningfulness",100
62,"sin_fr_full","meaningfulness",100
62,"sin_fr_partial","meaningfulness",100
62,"sin_rf_full","meaningfulness",100
62,"sin_rf_partial","meaningfulness",100
62,"sin_rfr_full","meaningfulness",100
62,"sin_rfr_partial","meaningfulness",100
62,"sin_frf_full","meaningfulness",100
62,"sin_frf_partial","meaningfulness",100
62,"sin_frfr","meaningfulness",100
62,"sin_rfrf","meaningfulness",100
62,"logistic_rise","meaningfulness",100
62,"logistic_fall","meaningfulness",100
62,"positive_change_full","meaningfulness",100
62,"positive_change_partial","meaningfulness",100
62,"negative_change_full","meaningfulness",100
62,"negative_change_partial","meaningfulness",100
62,"linear_rise_sharp_fall","meaningfulness",100
62,"linear_rise_sharp_fall_exp_rise","meaningfulness",100
63,"linear_rise","meaningfulness",65
63,"linear_fall","meaningfulness",47
63,"linear_low","meaningfulness",2
63,"linear_middle","meaningfulness",16
63,"linear_high","meaningfulness",100
63,"exp_rise_convex","meaningfulness",43
63,"exp_fall_convex","meaningfulness",26
63,"exp_rise_concave","meaningfulness",81
63,"exp_fall_concave","meaningfulness",59
63,"sin_fr_full","meaningfulness",42
63,"sin_fr_partial","meaningfulness",41
63,"sin_rf_full","meaningfulness",58
63,"sin_rf_partial","meaningfulness",39
63,"sin_rfr_full","meaningfulness",42
63,"sin_rfr_partial","meaningfulness",46
63,"sin_frf_full","meaningfulness",45
63,"sin_frf_partial","meaningfulness",51
63,"sin_frfr","meaningfulness",66
63,"sin_rfrf","meaningfulness",51
63,"logistic_rise","meaningfulness",72
63,"logistic_fall","meaningfulness",36
63,"positive_change_full","meaningfulness",47
63,"positive_change_partial","meaningfulness",47
63,"negative_change_full","meaningfulness",55
63,"negative_change_partial","meaningfulness",71
63,"linear_rise_sharp_fall","meaningfulness",42
63,"linear_rise_sharp_fall_exp_rise","meaningfulness",53
64,"linear_rise","meaningfulness",74
64,"linear_fall","meaningfulness",39
64,"linear_low","meaningfulness",26
64,"linear_middle","meaningfulness",50
64,"linear_high","meaningfulness",86
64,"exp_rise_convex","meaningfulness",32
64,"exp_fall_convex","meaningfulness",51
64,"exp_rise_concave","meaningfulness",60
64,"exp_fall_concave","meaningfulness",78
64,"sin_fr_full","meaningfulness",83
64,"sin_fr_partial","meaningfulness",68
64,"sin_rf_full","meaningfulness",42
64,"sin_rf_partial","meaningfulness",61
64,"sin_rfr_full","meaningfulness",67
64,"sin_rfr_partial","meaningfulness",52
64,"sin_frf_full","meaningfulness",54
64,"sin_frf_partial","meaningfulness",60
64,"sin_frfr","meaningfulness",42
64,"sin_rfrf","meaningfulness",55
64,"logistic_rise","meaningfulness",31
64,"logistic_fall","meaningfulness",56
64,"positive_change_full","meaningfulness",49
64,"positive_change_partial","meaningfulness",65
64,"negative_change_full","meaningfulness",60
64,"negative_change_partial","meaningfulness",50
64,"linear_rise_sharp_fall","meaningfulness",36
64,"linear_rise_sharp_fall_exp_rise","meaningfulness",45
65,"linear_rise","meaningfulness",50
65,"linear_fall","meaningfulness",50
65,"linear_low","meaningfulness",0
65,"linear_middle","meaningfulness",50
65,"linear_high","meaningfulness",100
65,"exp_rise_convex","meaningfulness",60
65,"exp_fall_convex","meaningfulness",50
65,"exp_rise_concave","meaningfulness",90
65,"exp_fall_concave","meaningfulness",60
65,"sin_fr_full","meaningfulness",70
65,"sin_fr_partial","meaningfulness",80
65,"sin_rf_full","meaningfulness",50
65,"sin_rf_partial","meaningfulness",35
65,"sin_rfr_full","meaningfulness",50
65,"sin_rfr_partial","meaningfulness",50
65,"sin_frf_full","meaningfulness",50
65,"sin_frf_partial","meaningfulness",50
65,"sin_frfr","meaningfulness",50
65,"sin_rfrf","meaningfulness",45
65,"logistic_rise","meaningfulness",60
65,"logistic_fall","meaningfulness",30
65,"positive_change_full","meaningfulness",80
65,"positive_change_partial","meaningfulness",70
65,"negative_change_full","meaningfulness",50
65,"negative_change_partial","meaningfulness",60
65,"linear_rise_sharp_fall","meaningfulness",10
65,"linear_rise_sharp_fall_exp_rise","meaningfulness",71
66,"linear_rise","meaningfulness",27
66,"linear_fall","meaningfulness",0
66,"linear_low","meaningfulness",0
66,"linear_middle","meaningfulness",28
66,"linear_high","meaningfulness",100
66,"exp_rise_convex","meaningfulness",78
66,"exp_fall_convex","meaningfulness",19
66,"exp_rise_concave","meaningfulness",92
66,"exp_fall_concave","meaningfulness",75
66,"sin_fr_full","meaningfulness",79
66,"sin_fr_partial","meaningfulness",94
66,"sin_rf_full","meaningfulness",36
66,"sin_rf_partial","meaningfulness",22
66,"sin_rfr_full","meaningfulness",60
66,"sin_rfr_partial","meaningfulness",69
66,"sin_frf_full","meaningfulness",56
66,"sin_frf_partial","meaningfulness",77
66,"sin_frfr","meaningfulness",64
66,"sin_rfrf","meaningfulness",74
66,"logistic_rise","meaningfulness",59
66,"logistic_fall","meaningfulness",37
66,"positive_change_full","meaningfulness",35
66,"positive_change_partial","meaningfulness",54
66,"negative_change_full","meaningfulness",74
66,"negative_change_partial","meaningfulness",60
66,"linear_rise_sharp_fall","meaningfulness",0
66,"linear_rise_sharp_fall_exp_rise","meaningfulness",69
67,"linear_rise","meaningfulness",99
67,"linear_fall","meaningfulness",50
67,"linear_low","meaningfulness",3
67,"linear_middle","meaningfulness",65
67,"linear_high","meaningfulness",100
67,"exp_rise_convex","meaningfulness",98
67,"exp_fall_convex","meaningfulness",5
67,"exp_rise_concave","meaningfulness",100
67,"exp_fall_concave","meaningfulness",90
67,"sin_fr_full","meaningfulness",80
67,"sin_fr_partial","meaningfulness",90
67,"sin_rf_full","meaningfulness",87
67,"sin_rf_partial","meaningfulness",20
67,"sin_rfr_full","meaningfulness",80
67,"sin_rfr_partial","meaningfulness",85
67,"sin_frf_full","meaningfulness",75
67,"sin_frf_partial","meaningfulness",90
67,"sin_frfr","meaningfulness",97
67,"sin_rfrf","meaningfulness",85
67,"logistic_rise","meaningfulness",95
67,"logistic_fall","meaningfulness",40
67,"positive_change_full","meaningfulness",60
67,"positive_change_partial","meaningfulness",60
67,"negative_change_full","meaningfulness",70
67,"negative_change_partial","meaningfulness",90
67,"linear_rise_sharp_fall","meaningfulness",2
67,"linear_rise_sharp_fall_exp_rise","meaningfulness",90
68,"linear_rise","meaningfulness",77
68,"linear_fall","meaningfulness",30
68,"linear_low","meaningfulness",0
68,"linear_middle","meaningfulness",77
68,"linear_high","meaningfulness",100
68,"exp_rise_convex","meaningfulness",70
68,"exp_fall_convex","meaningfulness",30
68,"exp_rise_concave","meaningfulness",90
68,"exp_fall_concave","meaningfulness",75
68,"sin_fr_full","meaningfulness",45
68,"sin_fr_partial","meaningfulness",50
68,"sin_rf_full","meaningfulness",75
68,"sin_rf_partial","meaningfulness",70
68,"sin_rfr_full","meaningfulness",72
68,"sin_rfr_partial","meaningfulness",55
68,"sin_frf_full","meaningfulness",35
68,"sin_frf_partial","meaningfulness",50
68,"sin_frfr","meaningfulness",45
68,"sin_rfrf","meaningfulness",30
68,"logistic_rise","meaningfulness",40
68,"logistic_fall","meaningfulness",45
68,"positive_change_full","meaningfulness",65
68,"positive_change_partial","meaningfulness",50
68,"negative_change_full","meaningfulness",60
68,"negative_change_partial","meaningfulness",65
68,"linear_rise_sharp_fall","meaningfulness",20
68,"linear_rise_sharp_fall_exp_rise","meaningfulness",35
69,"linear_rise","meaningfulness",62
69,"linear_fall","meaningfulness",70
69,"linear_low","meaningfulness",48
69,"linear_middle","meaningfulness",60
69,"linear_high","meaningfulness",75
69,"exp_rise_convex","meaningfulness",68
69,"exp_fall_convex","meaningfulness",69
69,"exp_rise_concave","meaningfulness",50
69,"exp_fall_concave","meaningfulness",82
69,"sin_fr_full","meaningfulness",61
69,"sin_fr_partial","meaningfulness",73
69,"sin_rf_full","meaningfulness",50
69,"sin_rf_partial","meaningfulness",62
69,"sin_rfr_full","meaningfulness",67
69,"sin_rfr_partial","meaningfulness",70
69,"sin_frf_full","meaningfulness",31
69,"sin_frf_partial","meaningfulness",40
69,"sin_frfr","meaningfulness",45
69,"sin_rfrf","meaningfulness",67
69,"logistic_rise","meaningfulness",30
69,"logistic_fall","meaningfulness",25
69,"positive_change_full","meaningfulness",57
69,"positive_change_partial","meaningfulness",50
69,"negative_change_full","meaningfulness",70
69,"negative_change_partial","meaningfulness",79
69,"linear_rise_sharp_fall","meaningfulness",27
69,"linear_rise_sharp_fall_exp_rise","meaningfulness",74
70,"linear_rise","meaningfulness",78
70,"linear_fall","meaningfulness",39
70,"linear_low","meaningfulness",1
70,"linear_middle","meaningfulness",43
70,"linear_high","meaningfulness",82
70,"exp_rise_convex","meaningfulness",72
70,"exp_fall_convex","meaningfulness",4
70,"exp_rise_concave","meaningfulness",66
70,"exp_fall_concave","meaningfulness",13
70,"sin_fr_full","meaningfulness",50
70,"sin_fr_partial","meaningfulness",54
70,"sin_rf_full","meaningfulness",4
70,"sin_rf_partial","meaningfulness",4
70,"sin_rfr_full","meaningfulness",54
70,"sin_rfr_partial","meaningfulness",34
70,"sin_frf_full","meaningfulness",61
70,"sin_frf_partial","meaningfulness",49
70,"sin_frfr","meaningfulness",38
70,"sin_rfrf","meaningfulness",65
70,"logistic_rise","meaningfulness",24
70,"logistic_fall","meaningfulness",10
70,"positive_change_full","meaningfulness",52
70,"positive_change_partial","meaningfulness",39
70,"negative_change_full","meaningfulness",42
70,"negative_change_partial","meaningfulness",56
70,"linear_rise_sharp_fall","meaningfulness",7
70,"linear_rise_sharp_fall_exp_rise","meaningfulness",39
71,"linear_rise","meaningfulness",10
71,"linear_fall","meaningfulness",69
71,"linear_low","meaningfulness",10
71,"linear_middle","meaningfulness",53
71,"linear_high","meaningfulness",100
71,"exp_rise_convex","meaningfulness",79
71,"exp_fall_convex","meaningfulness",44
71,"exp_rise_concave","meaningfulness",80
71,"exp_fall_concave","meaningfulness",48
71,"sin_fr_full","meaningfulness",79
71,"sin_fr_partial","meaningfulness",61
71,"sin_rf_full","meaningfulness",39
71,"sin_rf_partial","meaningfulness",62
71,"sin_rfr_full","meaningfulness",63
71,"sin_rfr_partial","meaningfulness",70
71,"sin_frf_full","meaningfulness",74
71,"sin_frf_partial","meaningfulness",57
71,"sin_frfr","meaningfulness",65
71,"sin_rfrf","meaningfulness",47
71,"logistic_rise","meaningfulness",84
71,"logistic_fall","meaningfulness",33
71,"positive_change_full","meaningfulness",68
71,"positive_change_partial","meaningfulness",37
71,"negative_change_full","meaningfulness",68
71,"negative_change_partial","meaningfulness",69
71,"linear_rise_sharp_fall","meaningfulness",15
71,"linear_rise_sharp_fall_exp_rise","meaningfulness",41
72,"linear_rise","meaningfulness",85
72,"linear_fall","meaningfulness",25
72,"linear_low","meaningfulness",7
72,"linear_middle","meaningfulness",71
72,"linear_high","meaningfulness",97
72,"exp_rise_convex","meaningfulness",93
72,"exp_fall_convex","meaningfulness",34
72,"exp_rise_concave","meaningfulness",89
72,"exp_fall_concave","meaningfulness",60
72,"sin_fr_full","meaningfulness",50
72,"sin_fr_partial","meaningfulness",92
72,"sin_rf_full","meaningfulness",60
72,"sin_rf_partial","meaningfulness",53
72,"sin_rfr_full","meaningfulness",71
72,"sin_rfr_partial","meaningfulness",72
72,"sin_frf_full","meaningfulness",67
72,"sin_frf_partial","meaningfulness",62
72,"sin_frfr","meaningfulness",64
72,"sin_rfrf","meaningfulness",68
72,"logistic_rise","meaningfulness",82
72,"logistic_fall","meaningfulness",63
72,"positive_change_full","meaningfulness",60
72,"positive_change_partial","meaningfulness",60
72,"negative_change_full","meaningfulness",74
72,"negative_change_partial","meaningfulness",83
72,"linear_rise_sharp_fall","meaningfulness",42
72,"linear_rise_sharp_fall_exp_rise","meaningfulness",76
73,"linear_rise","meaningfulness",92
73,"linear_fall","meaningfulness",22
73,"linear_low","meaningfulness",100
73,"linear_middle","meaningfulness",100
73,"linear_high","meaningfulness",100
73,"exp_rise_convex","meaningfulness",92
73,"exp_fall_convex","meaningfulness",13
73,"exp_rise_concave","meaningfulness",94
73,"exp_fall_concave","meaningfulness",9
73,"sin_fr_full","meaningfulness",75
73,"sin_fr_partial","meaningfulness",89
73,"sin_rf_full","meaningfulness",69
73,"sin_rf_partial","meaningfulness",40
73,"sin_rfr_full","meaningfulness",72
73,"sin_rfr_partial","meaningfulness",34
73,"sin_frf_full","meaningfulness",47
73,"sin_frf_partial","meaningfulness",51
73,"sin_frfr","meaningfulness",78
73,"sin_rfrf","meaningfulness",70
73,"logistic_rise","meaningfulness",86
73,"logistic_fall","meaningfulness",53
73,"positive_change_full","meaningfulness",58
73,"positive_change_partial","meaningfulness",66
73,"negative_change_full","meaningfulness",70
73,"negative_change_partial","meaningfulness",61
73,"linear_rise_sharp_fall","meaningfulness",64
73,"linear_rise_sharp_fall_exp_rise","meaningfulness",63
74,"linear_rise","meaningfulness",75
74,"linear_fall","meaningfulness",30
74,"linear_low","meaningfulness",0
74,"linear_middle","meaningfulness",86
74,"linear_high","meaningfulness",100
74,"exp_rise_convex","meaningfulness",85
74,"exp_fall_convex","meaningfulness",45
74,"exp_rise_concave","meaningfulness",97
74,"exp_fall_concave","meaningfulness",20
74,"sin_fr_full","meaningfulness",38
74,"sin_fr_partial","meaningfulness",55
74,"sin_rf_full","meaningfulness",55
74,"sin_rf_partial","meaningfulness",40
74,"sin_rfr_full","meaningfulness",75
74,"sin_rfr_partial","meaningfulness",50
74,"sin_frf_full","meaningfulness",60
74,"sin_frf_partial","meaningfulness",70
74,"sin_frfr","meaningfulness",60
74,"sin_rfrf","meaningfulness",59
74,"logistic_rise","meaningfulness",65
74,"logistic_fall","meaningfulness",45
74,"positive_change_full","meaningfulness",54
74,"positive_change_partial","meaningfulness",42
74,"negative_change_full","meaningfulness",30
74,"negative_change_partial","meaningfulness",91
74,"linear_rise_sharp_fall","meaningfulness",25
74,"linear_rise_sharp_fall_exp_rise","meaningfulness",65
75,"linear_rise","meaningfulness",100
75,"linear_fall","meaningfulness",8
75,"linear_low","meaningfulness",5
75,"linear_middle","meaningfulness",73
75,"linear_high","meaningfulness",100
75,"exp_rise_convex","meaningfulness",100
75,"exp_fall_convex","meaningfulness",18
75,"exp_rise_concave","meaningfulness",100
75,"exp_fall_concave","meaningfulness",39
75,"sin_fr_full","meaningfulness",90
75,"sin_fr_partial","meaningfulness",91
75,"sin_rf_full","meaningfulness",16
75,"sin_rf_partial","meaningfulness",10
75,"sin_rfr_full","meaningfulness",51
75,"sin_rfr_partial","meaningfulness",64
75,"sin_frf_full","meaningfulness",64
75,"sin_frf_partial","meaningfulness",57
75,"sin_frfr","meaningfulness",74
75,"sin_rfrf","meaningfulness",68
75,"logistic_rise","meaningfulness",100
75,"logistic_fall","meaningfulness",2
75,"positive_change_full","meaningfulness",71
75,"positive_change_partial","meaningfulness",72
75,"negative_change_full","meaningfulness",24
75,"negative_change_partial","meaningfulness",58
75,"linear_rise_sharp_fall","meaningfulness",16
75,"linear_rise_sharp_fall_exp_rise","meaningfulness",100
76,"linear_rise","meaningfulness",100
76,"linear_fall","meaningfulness",1
76,"linear_low","meaningfulness",1
76,"linear_middle","meaningfulness",1
76,"linear_high","meaningfulness",100
76,"exp_rise_convex","meaningfulness",95
76,"exp_fall_convex","meaningfulness",5
76,"exp_rise_concave","meaningfulness",90
76,"exp_fall_concave","meaningfulness",15
76,"sin_fr_full","meaningfulness",60
76,"sin_fr_partial","meaningfulness",25
76,"sin_rf_full","meaningfulness",40
76,"sin_rf_partial","meaningfulness",10
76,"sin_rfr_full","meaningfulness",70
76,"sin_rfr_partial","meaningfulness",29
76,"sin_frf_full","meaningfulness",20
76,"sin_frf_partial","meaningfulness",20
76,"sin_frfr","meaningfulness",65
76,"sin_rfrf","meaningfulness",30
76,"logistic_rise","meaningfulness",75
76,"logistic_fall","meaningfulness",20
76,"positive_change_full","meaningfulness",5
76,"positive_change_partial","meaningfulness",15
76,"negative_change_full","meaningfulness",60
76,"negative_change_partial","meaningfulness",40
76,"linear_rise_sharp_fall","meaningfulness",5
76,"linear_rise_sharp_fall_exp_rise","meaningfulness",55
77,"linear_rise","meaningfulness",78
77,"linear_fall","meaningfulness",13
77,"linear_low","meaningfulness",0
77,"linear_middle","meaningfulness",51
77,"linear_high","meaningfulness",100
77,"exp_rise_convex","meaningfulness",53
77,"exp_fall_convex","meaningfulness",12
77,"exp_rise_concave","meaningfulness",90
77,"exp_fall_concave","meaningfulness",76
77,"sin_fr_full","meaningfulness",39
77,"sin_fr_partial","meaningfulness",69
77,"sin_rf_full","meaningfulness",23
77,"sin_rf_partial","meaningfulness",31
77,"sin_rfr_full","meaningfulness",49
77,"sin_rfr_partial","meaningfulness",67
77,"sin_frf_full","meaningfulness",43
77,"sin_frf_partial","meaningfulness",27
77,"sin_frfr","meaningfulness",51
77,"sin_rfrf","meaningfulness",33
77,"logistic_rise","meaningfulness",59
77,"logistic_fall","meaningfulness",39
77,"positive_change_full","meaningfulness",21
77,"positive_change_partial","meaningfulness",27
77,"negative_change_full","meaningfulness",55
77,"negative_change_partial","meaningfulness",80
77,"linear_rise_sharp_fall","meaningfulness",34
77,"linear_rise_sharp_fall_exp_rise","meaningfulness",58
78,"linear_rise","meaningfulness",71
78,"linear_fall","meaningfulness",7
78,"linear_low","meaningfulness",2
78,"linear_middle","meaningfulness",70
78,"linear_high","meaningfulness",63
78,"exp_rise_convex","meaningfulness",17
78,"exp_fall_convex","meaningfulness",13
78,"exp_rise_concave","meaningfulness",82
78,"exp_fall_concave","meaningfulness",69
78,"sin_fr_full","meaningfulness",34
78,"sin_fr_partial","meaningfulness",28
78,"sin_rf_full","meaningfulness",56
78,"sin_rf_partial","meaningfulness",17
78,"sin_rfr_full","meaningfulness",37
78,"sin_rfr_partial","meaningfulness",31
78,"sin_frf_full","meaningfulness",52
78,"sin_frf_partial","meaningfulness",41
78,"sin_frfr","meaningfulness",54
78,"sin_rfrf","meaningfulness",66
78,"logistic_rise","meaningfulness",67
78,"logistic_fall","meaningfulness",21
78,"positive_change_full","meaningfulness",41
78,"positive_change_partial","meaningfulness",65
78,"negative_change_full","meaningfulness",72
78,"negative_change_partial","meaningfulness",61
78,"linear_rise_sharp_fall","meaningfulness",22
78,"linear_rise_sharp_fall_exp_rise","meaningfulness",28
79,"linear_rise","meaningfulness",96
79,"linear_fall","meaningfulness",1
79,"linear_low","meaningfulness",1
79,"linear_middle","meaningfulness",50
79,"linear_high","meaningfulness",100
79,"exp_rise_convex","meaningfulness",51
79,"exp_fall_convex","meaningfulness",1
79,"exp_rise_concave","meaningfulness",100
79,"exp_fall_concave","meaningfulness",99
79,"sin_fr_full","meaningfulness",51
79,"sin_fr_partial","meaningfulness",10
79,"sin_rf_full","meaningfulness",81
79,"sin_rf_partial","meaningfulness",73
79,"sin_rfr_full","meaningfulness",30
79,"sin_rfr_partial","meaningfulness",52
79,"sin_frf_full","meaningfulness",80
79,"sin_frf_partial","meaningfulness",52
79,"sin_frfr","meaningfulness",81
79,"sin_rfrf","meaningfulness",37
79,"logistic_rise","meaningfulness",9
79,"logistic_fall","meaningfulness",29
79,"positive_change_full","meaningfulness",23
79,"positive_change_partial","meaningfulness",23
79,"negative_change_full","meaningfulness",51
79,"negative_change_partial","meaningfulness",65
79,"linear_rise_sharp_fall","meaningfulness",21
79,"linear_rise_sharp_fall_exp_rise","meaningfulness",82
80,"linear_rise","meaningfulness",55
80,"linear_fall","meaningfulness",50
80,"linear_low","meaningfulness",30
80,"linear_middle","meaningfulness",50
80,"linear_high","meaningfulness",70
80,"exp_rise_convex","meaningfulness",40
80,"exp_fall_convex","meaningfulness",45
80,"exp_rise_concave","meaningfulness",60
80,"exp_fall_concave","meaningfulness",55
80,"sin_fr_full","meaningfulness",60
80,"sin_fr_partial","meaningfulness",40
80,"sin_rf_full","meaningfulness",55
80,"sin_rf_partial","meaningfulness",60
80,"sin_rfr_full","meaningfulness",60
80,"sin_rfr_partial","meaningfulness",50
80,"sin_frf_full","meaningfulness",45
80,"sin_frf_partial","meaningfulness",55
80,"sin_frfr","meaningfulness",50
80,"sin_rfrf","meaningfulness",45
80,"logistic_rise","meaningfulness",40
80,"logistic_fall","meaningfulness",60
80,"positive_change_full","meaningfulness",45
80,"positive_change_partial","meaningfulness",55
80,"negative_change_full","meaningfulness",55
80,"negative_change_partial","meaningfulness",50
80,"linear_rise_sharp_fall","meaningfulness",40
80,"linear_rise_sharp_fall_exp_rise","meaningfulness",45
81,"linear_rise","meaningfulness",98
81,"linear_fall","meaningfulness",56
81,"linear_low","meaningfulness",12
81,"linear_middle","meaningfulness",68
81,"linear_high","meaningfulness",100
81,"exp_rise_convex","meaningfulness",46
81,"exp_fall_convex","meaningfulness",32
81,"exp_rise_concave","meaningfulness",90
81,"exp_fall_concave","meaningfulness",72
81,"sin_fr_full","meaningfulness",76
81,"sin_fr_partial","meaningfulness",54
81,"sin_rf_full","meaningfulness",73
81,"sin_rf_partial","meaningfulness",52
81,"sin_rfr_full","meaningfulness",80
81,"sin_rfr_partial","meaningfulness",85
81,"sin_frf_full","meaningfulness",69
81,"sin_frf_partial","meaningfulness",61
81,"sin_frfr","meaningfulness",57
81,"sin_rfrf","meaningfulness",73
81,"logistic_rise","meaningfulness",63
81,"logistic_fall","meaningfulness",44
81,"positive_change_full","meaningfulness",65
81,"positive_change_partial","meaningfulness",63
81,"negative_change_full","meaningfulness",59
81,"negative_change_partial","meaningfulness",81
81,"linear_rise_sharp_fall","meaningfulness",34
81,"linear_rise_sharp_fall_exp_rise","meaningfulness",65
82,"linear_rise","meaningfulness",72
82,"linear_fall","meaningfulness",61
82,"linear_low","meaningfulness",3
82,"linear_middle","meaningfulness",86
82,"linear_high","meaningfulness",95
82,"exp_rise_convex","meaningfulness",60
82,"exp_fall_convex","meaningfulness",36
82,"exp_rise_concave","meaningfulness",77
82,"exp_fall_concave","meaningfulness",59
82,"sin_fr_full","meaningfulness",51
82,"sin_fr_partial","meaningfulness",65
82,"sin_rf_full","meaningfulness",64
82,"sin_rf_partial","meaningfulness",61
82,"sin_rfr_full","meaningfulness",71
82,"sin_rfr_partial","meaningfulness",53
82,"sin_frf_full","meaningfulness",70
82,"sin_frf_partial","meaningfulness",72
82,"sin_frfr","meaningfulness",62
82,"sin_rfrf","meaningfulness",54
82,"logistic_rise","meaningfulness",65
82,"logistic_fall","meaningfulness",47
82,"positive_change_full","meaningfulness",49
82,"positive_change_partial","meaningfulness",63
82,"negative_change_full","meaningfulness",62
82,"negative_change_partial","meaningfulness",70
82,"linear_rise_sharp_fall","meaningfulness",39
82,"linear_rise_sharp_fall_exp_rise","meaningfulness",63
83,"linear_rise","meaningfulness",99
83,"linear_fall","meaningfulness",29
83,"linear_low","meaningfulness",1
83,"linear_middle","meaningfulness",52
83,"linear_high","meaningfulness",100
83,"exp_rise_convex","meaningfulness",93
83,"exp_fall_convex","meaningfulness",9
83,"exp_rise_concave","meaningfulness",84
83,"exp_fall_concave","meaningfulness",5
83,"sin_fr_full","meaningfulness",67
83,"sin_fr_partial","meaningfulness",75
83,"sin_rf_full","meaningfulness",21
83,"sin_rf_partial","meaningfulness",30
83,"sin_rfr_full","meaningfulness",54
83,"sin_rfr_partial","meaningfulness",59
83,"sin_frf_full","meaningfulness",42
83,"sin_frf_partial","meaningfulness",46
83,"sin_frfr","meaningfulness",25
83,"sin_rfrf","meaningfulness",26
83,"logistic_rise","meaningfulness",91
83,"logistic_fall","meaningfulness",30
83,"positive_change_full","meaningfulness",56
83,"positive_change_partial","meaningfulness",13
83,"negative_change_full","meaningfulness",22
83,"negative_change_partial","meaningfulness",66
83,"linear_rise_sharp_fall","meaningfulness",11
83,"linear_rise_sharp_fall_exp_rise","meaningfulness",70
84,"linear_rise","meaningfulness",78
84,"linear_fall","meaningfulness",9
84,"linear_low","meaningfulness",12
84,"linear_middle","meaningfulness",63
84,"linear_high","meaningfulness",99
84,"exp_rise_convex","meaningfulness",80
84,"exp_fall_convex","meaningfulness",43
84,"exp_rise_concave","meaningfulness",83
84,"exp_fall_concave","meaningfulness",71
84,"sin_fr_full","meaningfulness",83
84,"sin_fr_partial","meaningfulness",95
84,"sin_rf_full","meaningfulness",69
84,"sin_rf_partial","meaningfulness",71
84,"sin_rfr_full","meaningfulness",59
84,"sin_rfr_partial","meaningfulness",73
84,"sin_frf_full","meaningfulness",52
84,"sin_frf_partial","meaningfulness",63
84,"sin_frfr","meaningfulness",61
84,"sin_rfrf","meaningfulness",62
84,"logistic_rise","meaningfulness",37
84,"logistic_fall","meaningfulness",48
84,"positive_change_full","meaningfulness",69
84,"positive_change_partial","meaningfulness",92
84,"negative_change_full","meaningfulness",53
84,"negative_change_partial","meaningfulness",82
84,"linear_rise_sharp_fall","meaningfulness",38
84,"linear_rise_sharp_fall_exp_rise","meaningfulness",75
85,"linear_rise","meaningfulness",80
85,"linear_fall","meaningfulness",40
85,"linear_low","meaningfulness",0
85,"linear_middle","meaningfulness",80
85,"linear_high","meaningfulness",100
85,"exp_rise_convex","meaningfulness",55
85,"exp_fall_convex","meaningfulness",20
85,"exp_rise_concave","meaningfulness",95
85,"exp_fall_concave","meaningfulness",60
85,"sin_fr_full","meaningfulness",50
85,"sin_fr_partial","meaningfulness",80
85,"sin_rf_full","meaningfulness",60
85,"sin_rf_partial","meaningfulness",25
85,"sin_rfr_full","meaningfulness",45
85,"sin_rfr_partial","meaningfulness",35
85,"sin_frf_full","meaningfulness",30
85,"sin_frf_partial","meaningfulness",30
85,"sin_frfr","meaningfulness",40
85,"sin_rfrf","meaningfulness",35
85,"logistic_rise","meaningfulness",40
85,"logistic_fall","meaningfulness",20
85,"positive_change_full","meaningfulness",45
85,"positive_change_partial","meaningfulness",0
85,"negative_change_full","meaningfulness",65
85,"negative_change_partial","meaningfulness",75
85,"linear_rise_sharp_fall","meaningfulness",50
85,"linear_rise_sharp_fall_exp_rise","meaningfulness",60
86,"linear_rise","meaningfulness",71
86,"linear_fall","meaningfulness",6
86,"linear_low","meaningfulness",3
86,"linear_middle","meaningfulness",73
86,"linear_high","meaningfulness",100
86,"exp_rise_convex","meaningfulness",68
86,"exp_fall_convex","meaningfulness",67
86,"exp_rise_concave","meaningfulness",86
86,"exp_fall_concave","meaningfulness",17
86,"sin_fr_full","meaningfulness",71
86,"sin_fr_partial","meaningfulness",82
86,"sin_rf_full","meaningfulness",33
86,"sin_rf_partial","meaningfulness",22
86,"sin_rfr_full","meaningfulness",65
86,"sin_rfr_partial","meaningfulness",64
86,"sin_frf_full","meaningfulness",33
86,"sin_frf_partial","meaningfulness",28
86,"sin_frfr","meaningfulness",50
86,"sin_rfrf","meaningfulness",40
86,"logistic_rise","meaningfulness",69
86,"logistic_fall","meaningfulness",16
86,"positive_change_full","meaningfulness",57
86,"positive_change_partial","meaningfulness",58
86,"negative_change_full","meaningfulness",23
86,"negative_change_partial","meaningfulness",42
86,"linear_rise_sharp_fall","meaningfulness",32
86,"linear_rise_sharp_fall_exp_rise","meaningfulness",84
87,"linear_rise","meaningfulness",24
87,"linear_fall","meaningfulness",17
87,"linear_low","meaningfulness",12
87,"linear_middle","meaningfulness",50
87,"linear_high","meaningfulness",100
87,"exp_rise_convex","meaningfulness",25
87,"exp_fall_convex","meaningfulness",69
87,"exp_rise_concave","meaningfulness",48
87,"exp_fall_concave","meaningfulness",56
87,"sin_fr_full","meaningfulness",29
87,"sin_fr_partial","meaningfulness",28
87,"sin_rf_full","meaningfulness",65
87,"sin_rf_partial","meaningfulness",28
87,"sin_rfr_full","meaningfulness",42
87,"sin_rfr_partial","meaningfulness",33
87,"sin_frf_full","meaningfulness",53
87,"sin_frf_partial","meaningfulness",28
87,"sin_frfr","meaningfulness",69
87,"sin_rfrf","meaningfulness",64
87,"logistic_rise","meaningfulness",78
87,"logistic_fall","meaningfulness",76
87,"positive_change_full","meaningfulness",39
87,"positive_change_partial","meaningfulness",32
87,"negative_change_full","meaningfulness",53
87,"negative_change_partial","meaningfulness",53
87,"linear_rise_sharp_fall","meaningfulness",61
87,"linear_rise_sharp_fall_exp_rise","meaningfulness",50
88,"linear_rise","meaningfulness",80
88,"linear_fall","meaningfulness",35
88,"linear_low","meaningfulness",5
88,"linear_middle","meaningfulness",50
88,"linear_high","meaningfulness",100
88,"exp_rise_convex","meaningfulness",75
88,"exp_fall_convex","meaningfulness",10
88,"exp_rise_concave","meaningfulness",95
88,"exp_fall_concave","meaningfulness",20
88,"sin_fr_full","meaningfulness",45
88,"sin_fr_partial","meaningfulness",81
88,"sin_rf_full","meaningfulness",60
88,"sin_rf_partial","meaningfulness",39
88,"sin_rfr_full","meaningfulness",55
88,"sin_rfr_partial","meaningfulness",52
88,"sin_frf_full","meaningfulness",80
88,"sin_frf_partial","meaningfulness",50
88,"sin_frfr","meaningfulness",51
88,"sin_rfrf","meaningfulness",58
88,"logistic_rise","meaningfulness",72
88,"logistic_fall","meaningfulness",20
88,"positive_change_full","meaningfulness",35
88,"positive_change_partial","meaningfulness",51
88,"negative_change_full","meaningfulness",60
88,"negative_change_partial","meaningfulness",80
88,"linear_rise_sharp_fall","meaningfulness",35
88,"linear_rise_sharp_fall_exp_rise","meaningfulness",80
89,"linear_rise","meaningfulness",90
89,"linear_fall","meaningfulness",18
89,"linear_low","meaningfulness",0
89,"linear_middle","meaningfulness",0
89,"linear_high","meaningfulness",0
89,"exp_rise_convex","meaningfulness",86
89,"exp_fall_convex","meaningfulness",79
89,"exp_rise_concave","meaningfulness",13
89,"exp_fall_concave","meaningfulness",0
89,"sin_fr_full","meaningfulness",94
89,"sin_fr_partial","meaningfulness",86
89,"sin_rf_full","meaningfulness",38
89,"sin_rf_partial","meaningfulness",32
89,"sin_rfr_full","meaningfulness",62
89,"sin_rfr_partial","meaningfulness",50
89,"sin_frf_full","meaningfulness",46
89,"sin_frf_partial","meaningfulness",71
89,"sin_frfr","meaningfulness",71
89,"sin_rfrf","meaningfulness",74
89,"logistic_rise","meaningfulness",23
89,"logistic_fall","meaningfulness",8
89,"positive_change_full","meaningfulness",64
89,"positive_change_partial","meaningfulness",14
89,"negative_change_full","meaningfulness",67
89,"negative_change_partial","meaningfulness",20
89,"linear_rise_sharp_fall","meaningfulness",6
89,"linear_rise_sharp_fall_exp_rise","meaningfulness",79
90,"linear_rise","meaningfulness",90
90,"linear_fall","meaningfulness",30
90,"linear_low","meaningfulness",5
90,"linear_middle","meaningfulness",10
90,"linear_high","meaningfulness",90
90,"exp_rise_convex","meaningfulness",85
90,"exp_fall_convex","meaningfulness",30
90,"exp_rise_concave","meaningfulness",90
90,"exp_fall_concave","meaningfulness",70
90,"sin_fr_full","meaningfulness",60
90,"sin_fr_partial","meaningfulness",75
90,"sin_rf_full","meaningfulness",65
90,"sin_rf_partial","meaningfulness",40
90,"sin_rfr_full","meaningfulness",76
90,"sin_rfr_partial","meaningfulness",80
90,"sin_frf_full","meaningfulness",61
90,"sin_frf_partial","meaningfulness",50
90,"sin_frfr","meaningfulness",70
90,"sin_rfrf","meaningfulness",70
90,"logistic_rise","meaningfulness",92
90,"logistic_fall","meaningfulness",30
90,"positive_change_full","meaningfulness",70
90,"positive_change_partial","meaningfulness",60
90,"negative_change_full","meaningfulness",60
90,"negative_change_partial","meaningfulness",55
90,"linear_rise_sharp_fall","meaningfulness",20
90,"linear_rise_sharp_fall_exp_rise","meaningfulness",65
91,"linear_rise","meaningfulness",50
91,"linear_fall","meaningfulness",50
91,"linear_low","meaningfulness",50
91,"linear_middle","meaningfulness",50
91,"linear_high","meaningfulness",50
91,"exp_rise_convex","meaningfulness",50
91,"exp_fall_convex","meaningfulness",50
91,"exp_rise_concave","meaningfulness",50
91,"exp_fall_concave","meaningfulness",50
91,"sin_fr_full","meaningfulness",50
91,"sin_fr_partial","meaningfulness",50
91,"sin_rf_full","meaningfulness",50
91,"sin_rf_partial","meaningfulness",50
91,"sin_rfr_full","meaningfulness",50
91,"sin_rfr_partial","meaningfulness",50
91,"sin_frf_full","meaningfulness",50
91,"sin_frf_partial","meaningfulness",50
91,"sin_frfr","meaningfulness",50
91,"sin_rfrf","meaningfulness",50
91,"logistic_rise","meaningfulness",50
91,"logistic_fall","meaningfulness",50
91,"positive_change_full","meaningfulness",50
91,"positive_change_partial","meaningfulness",50
91,"negative_change_full","meaningfulness",50
91,"negative_change_partial","meaningfulness",50
91,"linear_rise_sharp_fall","meaningfulness",50
91,"linear_rise_sharp_fall_exp_rise","meaningfulness",50
92,"linear_rise","meaningfulness",80
92,"linear_fall","meaningfulness",5
92,"linear_low","meaningfulness",0
92,"linear_middle","meaningfulness",5
92,"linear_high","meaningfulness",15
92,"exp_rise_convex","meaningfulness",80
92,"exp_fall_convex","meaningfulness",10
92,"exp_rise_concave","meaningfulness",40
92,"exp_fall_concave","meaningfulness",33
92,"sin_fr_full","meaningfulness",65
92,"sin_fr_partial","meaningfulness",85
92,"sin_rf_full","meaningfulness",55
92,"sin_rf_partial","meaningfulness",30
92,"sin_rfr_full","meaningfulness",55
92,"sin_rfr_partial","meaningfulness",90
92,"sin_frf_full","meaningfulness",76
92,"sin_frf_partial","meaningfulness",55
92,"sin_frfr","meaningfulness",60
92,"sin_rfrf","meaningfulness",80
92,"logistic_rise","meaningfulness",65
92,"logistic_fall","meaningfulness",15
92,"positive_change_full","meaningfulness",80
92,"positive_change_partial","meaningfulness",65
92,"negative_change_full","meaningfulness",55
92,"negative_change_partial","meaningfulness",40
92,"linear_rise_sharp_fall","meaningfulness",25
92,"linear_rise_sharp_fall_exp_rise","meaningfulness",90
93,"linear_rise","meaningfulness",70
93,"linear_fall","meaningfulness",35
93,"linear_low","meaningfulness",0
93,"linear_middle","meaningfulness",13
93,"linear_high","meaningfulness",88
93,"exp_rise_convex","meaningfulness",60
93,"exp_fall_convex","meaningfulness",3
93,"exp_rise_concave","meaningfulness",92
93,"exp_fall_concave","meaningfulness",60
93,"sin_fr_full","meaningfulness",54
93,"sin_fr_partial","meaningfulness",85
93,"sin_rf_full","meaningfulness",45
93,"sin_rf_partial","meaningfulness",29
93,"sin_rfr_full","meaningfulness",43
93,"sin_rfr_partial","meaningfulness",70
93,"sin_frf_full","meaningfulness",54
93,"sin_frf_partial","meaningfulness",22
93,"sin_frfr","meaningfulness",49
93,"sin_rfrf","meaningfulness",31
93,"logistic_rise","meaningfulness",70
93,"logistic_fall","meaningfulness",8
93,"positive_change_full","meaningfulness",75
93,"positive_change_partial","meaningfulness",18
93,"negative_change_full","meaningfulness",21
93,"negative_change_partial","meaningfulness",40
93,"linear_rise_sharp_fall","meaningfulness",9
93,"linear_rise_sharp_fall_exp_rise","meaningfulness",70
94,"linear_rise","meaningfulness",71
94,"linear_fall","meaningfulness",14
94,"linear_low","meaningfulness",9
94,"linear_middle","meaningfulness",56
94,"linear_high","meaningfulness",86
94,"exp_rise_convex","meaningfulness",65
94,"exp_fall_convex","meaningfulness",45
94,"exp_rise_concave","meaningfulness",75
94,"exp_fall_concave","meaningfulness",52
94,"sin_fr_full","meaningfulness",76
94,"sin_fr_partial","meaningfulness",55
94,"sin_rf_full","meaningfulness",55
94,"sin_rf_partial","meaningfulness",50
94,"sin_rfr_full","meaningfulness",73
94,"sin_rfr_partial","meaningfulness",65
94,"sin_frf_full","meaningfulness",70
94,"sin_frf_partial","meaningfulness",70
94,"sin_frfr","meaningfulness",68
94,"sin_rfrf","meaningfulness",71
94,"logistic_rise","meaningfulness",66
94,"logistic_fall","meaningfulness",30
94,"positive_change_full","meaningfulness",70
94,"positive_change_partial","meaningfulness",41
94,"negative_change_full","meaningfulness",57
94,"negative_change_partial","meaningfulness",82
94,"linear_rise_sharp_fall","meaningfulness",30
94,"linear_rise_sharp_fall_exp_rise","meaningfulness",71
95,"linear_rise","meaningfulness",100
95,"linear_fall","meaningfulness",50
95,"linear_low","meaningfulness",0
95,"linear_middle","meaningfulness",40
95,"linear_high","meaningfulness",100
95,"exp_rise_convex","meaningfulness",85
95,"exp_fall_convex","meaningfulness",30
95,"exp_rise_concave","meaningfulness",90
95,"exp_fall_concave","meaningfulness",70
95,"sin_fr_full","meaningfulness",90
95,"sin_fr_partial","meaningfulness",90
95,"sin_rf_full","meaningfulness",60
95,"sin_rf_partial","meaningfulness",0
95,"sin_rfr_full","meaningfulness",80
95,"sin_rfr_partial","meaningfulness",90
95,"sin_frf_full","meaningfulness",60
95,"sin_frf_partial","meaningfulness",30
95,"sin_frfr","meaningfulness",100
95,"sin_rfrf","meaningfulness",60
95,"logistic_rise","meaningfulness",90
95,"logistic_fall","meaningfulness",60
95,"positive_change_full","meaningfulness",85
95,"positive_change_partial","meaningfulness",70
95,"negative_change_full","meaningfulness",70
95,"negative_change_partial","meaningfulness",75
95,"linear_rise_sharp_fall","meaningfulness",20
95,"linear_rise_sharp_fall_exp_rise","meaningfulness",80
96,"linear_rise","meaningfulness",75
96,"linear_fall","meaningfulness",15
96,"linear_low","meaningfulness",0
96,"linear_middle","meaningfulness",50
96,"linear_high","meaningfulness",100
96,"exp_rise_convex","meaningfulness",40
96,"exp_fall_convex","meaningfulness",15
96,"exp_rise_concave","meaningfulness",90
96,"exp_fall_concave","meaningfulness",75
96,"sin_fr_full","meaningfulness",75
96,"sin_fr_partial","meaningfulness",75
96,"sin_rf_full","meaningfulness",40
96,"sin_rf_partial","meaningfulness",30
96,"sin_rfr_full","meaningfulness",50
96,"sin_rfr_partial","meaningfulness",65
96,"sin_frf_full","meaningfulness",55
96,"sin_frf_partial","meaningfulness",45
96,"sin_frfr","meaningfulness",60
96,"sin_rfrf","meaningfulness",60
96,"logistic_rise","meaningfulness",60
96,"logistic_fall","meaningfulness",35
96,"positive_change_full","meaningfulness",35
96,"positive_change_partial","meaningfulness",20
96,"negative_change_full","meaningfulness",50
96,"negative_change_partial","meaningfulness",65
96,"linear_rise_sharp_fall","meaningfulness",20
96,"linear_rise_sharp_fall_exp_rise","meaningfulness",65
97,"linear_rise","meaningfulness",53
97,"linear_fall","meaningfulness",19
97,"linear_low","meaningfulness",0
97,"linear_middle","meaningfulness",51
97,"linear_high","meaningfulness",100
97,"exp_rise_convex","meaningfulness",83
97,"exp_fall_convex","meaningfulness",50
97,"exp_rise_concave","meaningfulness",100
97,"exp_fall_concave","meaningfulness",58
97,"sin_fr_full","meaningfulness",96
97,"sin_fr_partial","meaningfulness",70
97,"sin_rf_full","meaningfulness",31
97,"sin_rf_partial","meaningfulness",21
97,"sin_rfr_full","meaningfulness",34
97,"sin_rfr_partial","meaningfulness",41
97,"sin_frf_full","meaningfulness",33
97,"sin_frf_partial","meaningfulness",23
97,"sin_frfr","meaningfulness",45
97,"sin_rfrf","meaningfulness",17
97,"logistic_rise","meaningfulness",45
97,"logistic_fall","meaningfulness",47
97,"positive_change_full","meaningfulness",37
97,"positive_change_partial","meaningfulness",18
97,"negative_change_full","meaningfulness",32
97,"negative_change_partial","meaningfulness",85
97,"linear_rise_sharp_fall","meaningfulness",11
97,"linear_rise_sharp_fall_exp_rise","meaningfulness",91
98,"linear_rise","meaningfulness",80
98,"linear_fall","meaningfulness",10
98,"linear_low","meaningfulness",0
98,"linear_middle","meaningfulness",80
98,"linear_high","meaningfulness",90
98,"exp_rise_convex","meaningfulness",85
98,"exp_fall_convex","meaningfulness",10
98,"exp_rise_concave","meaningfulness",95
98,"exp_fall_concave","meaningfulness",10
98,"sin_fr_full","meaningfulness",1
98,"sin_fr_partial","meaningfulness",90
98,"sin_rf_full","meaningfulness",65
98,"sin_rf_partial","meaningfulness",20
98,"sin_rfr_full","meaningfulness",90
98,"sin_rfr_partial","meaningfulness",35
98,"sin_frf_full","meaningfulness",90
98,"sin_frf_partial","meaningfulness",80
98,"sin_frfr","meaningfulness",85
98,"sin_rfrf","meaningfulness",85
98,"logistic_rise","meaningfulness",45
98,"logistic_fall","meaningfulness",54
98,"positive_change_full","meaningfulness",70
98,"positive_change_partial","meaningfulness",20
98,"negative_change_full","meaningfulness",80
98,"negative_change_partial","meaningfulness",95
98,"linear_rise_sharp_fall","meaningfulness",5
98,"linear_rise_sharp_fall_exp_rise","meaningfulness",85
99,"linear_rise","meaningfulness",100
99,"linear_fall","meaningfulness",100
99,"linear_low","meaningfulness",100
99,"linear_middle","meaningfulness",100
99,"linear_high","meaningfulness",100
99,"exp_rise_convex","meaningfulness",100
99,"exp_fall_convex","meaningfulness",100
99,"exp_rise_concave","meaningfulness",100
99,"exp_fall_concave","meaningfulness",100
99,"sin_fr_full","meaningfulness",100
99,"sin_fr_partial","meaningfulness",100
99,"sin_rf_full","meaningfulness",100
99,"sin_rf_partial","meaningfulness",100
99,"sin_rfr_full","meaningfulness",100
99,"sin_rfr_partial","meaningfulness",100
99,"sin_frf_full","meaningfulness",100
99,"sin_frf_partial","meaningfulness",100
99,"sin_frfr","meaningfulness",100
99,"sin_rfrf","meaningfulness",100
99,"logistic_rise","meaningfulness",100
99,"logistic_fall","meaningfulness",100
99,"positive_change_full","meaningfulness",100
99,"positive_change_partial","meaningfulness",100
99,"negative_change_full","meaningfulness",100
99,"negative_change_partial","meaningfulness",100
99,"linear_rise_sharp_fall","meaningfulness",100
99,"linear_rise_sharp_fall_exp_rise","meaningfulness",100
100,"linear_rise","meaningfulness",75
100,"linear_fall","meaningfulness",51
100,"linear_low","meaningfulness",5
100,"linear_middle","meaningfulness",82
100,"linear_high","meaningfulness",100
100,"exp_rise_convex","meaningfulness",71
100,"exp_fall_convex","meaningfulness",50
100,"exp_rise_concave","meaningfulness",83
100,"exp_fall_concave","meaningfulness",29
100,"sin_fr_full","meaningfulness",64
100,"sin_fr_partial","meaningfulness",67
100,"sin_rf_full","meaningfulness",58
100,"sin_rf_partial","meaningfulness",87
100,"sin_rfr_full","meaningfulness",51
100,"sin_rfr_partial","meaningfulness",51
100,"sin_frf_full","meaningfulness",50
100,"sin_frf_partial","meaningfulness",65
100,"sin_frfr","meaningfulness",50
100,"sin_rfrf","meaningfulness",50
100,"logistic_rise","meaningfulness",59
100,"logistic_fall","meaningfulness",52
100,"positive_change_full","meaningfulness",64
100,"positive_change_partial","meaningfulness",50
100,"negative_change_full","meaningfulness",63
100,"negative_change_partial","meaningfulness",68
100,"linear_rise_sharp_fall","meaningfulness",50
100,"linear_rise_sharp_fall_exp_rise","meaningfulness",69
101,"linear_rise","meaningfulness",95
101,"linear_fall","meaningfulness",35
101,"linear_low","meaningfulness",0
101,"linear_middle","meaningfulness",50
101,"linear_high","meaningfulness",100
101,"exp_rise_convex","meaningfulness",75
101,"exp_fall_convex","meaningfulness",30
101,"exp_rise_concave","meaningfulness",85
101,"exp_fall_concave","meaningfulness",75
101,"sin_fr_full","meaningfulness",25
101,"sin_fr_partial","meaningfulness",85
101,"sin_rf_full","meaningfulness",65
101,"sin_rf_partial","meaningfulness",15
101,"sin_rfr_full","meaningfulness",40
101,"sin_rfr_partial","meaningfulness",40
101,"sin_frf_full","meaningfulness",66
101,"sin_frf_partial","meaningfulness",80
101,"sin_frfr","meaningfulness",55
101,"sin_rfrf","meaningfulness",51
101,"logistic_rise","meaningfulness",90
101,"logistic_fall","meaningfulness",20
101,"positive_change_full","meaningfulness",20
101,"positive_change_partial","meaningfulness",15
101,"negative_change_full","meaningfulness",65
101,"negative_change_partial","meaningfulness",70
101,"linear_rise_sharp_fall","meaningfulness",0
101,"linear_rise_sharp_fall_exp_rise","meaningfulness",70
102,"linear_rise","meaningfulness",100
102,"linear_fall","meaningfulness",4
102,"linear_low","meaningfulness",0
102,"linear_middle","meaningfulness",41
102,"linear_high","meaningfulness",75
102,"exp_rise_convex","meaningfulness",80
102,"exp_fall_convex","meaningfulness",7
102,"exp_rise_concave","meaningfulness",100
102,"exp_fall_concave","meaningfulness",34
102,"sin_fr_full","meaningfulness",61
102,"sin_fr_partial","meaningfulness",88
102,"sin_rf_full","meaningfulness",62
102,"sin_rf_partial","meaningfulness",31
102,"sin_rfr_full","meaningfulness",81
102,"sin_rfr_partial","meaningfulness",74
102,"sin_frf_full","meaningfulness",56
102,"sin_frf_partial","meaningfulness",50
102,"sin_frfr","meaningfulness",88
102,"sin_rfrf","meaningfulness",64
102,"logistic_rise","meaningfulness",51
102,"logistic_fall","meaningfulness",61
102,"positive_change_full","meaningfulness",76
102,"positive_change_partial","meaningfulness",41
102,"negative_change_full","meaningfulness",50
102,"negative_change_partial","meaningfulness",65
102,"linear_rise_sharp_fall","meaningfulness",13
102,"linear_rise_sharp_fall_exp_rise","meaningfulness",84
103,"linear_rise","meaningfulness",72
103,"linear_fall","meaningfulness",8
103,"linear_low","meaningfulness",2
103,"linear_middle","meaningfulness",31
103,"linear_high","meaningfulness",69
103,"exp_rise_convex","meaningfulness",64
103,"exp_fall_convex","meaningfulness",9
103,"exp_rise_concave","meaningfulness",73
103,"exp_fall_concave","meaningfulness",59
103,"sin_fr_full","meaningfulness",62
103,"sin_fr_partial","meaningfulness",57
103,"sin_rf_full","meaningfulness",45
103,"sin_rf_partial","meaningfulness",48
103,"sin_rfr_full","meaningfulness",62
103,"sin_rfr_partial","meaningfulness",41
103,"sin_frf_full","meaningfulness",59
103,"sin_frf_partial","meaningfulness",61
103,"sin_frfr","meaningfulness",59
103,"sin_rfrf","meaningfulness",57
103,"logistic_rise","meaningfulness",67
103,"logistic_fall","meaningfulness",50
103,"positive_change_full","meaningfulness",21
103,"positive_change_partial","meaningfulness",66
103,"negative_change_full","meaningfulness",60
103,"negative_change_partial","meaningfulness",51
103,"linear_rise_sharp_fall","meaningfulness",21
103,"linear_rise_sharp_fall_exp_rise","meaningfulness",55
104,"linear_rise","meaningfulness",61
104,"linear_fall","meaningfulness",33
104,"linear_low","meaningfulness",3
104,"linear_middle","meaningfulness",50
104,"linear_high","meaningfulness",95
104,"exp_rise_convex","meaningfulness",70
104,"exp_fall_convex","meaningfulness",55
104,"exp_rise_concave","meaningfulness",67
104,"exp_fall_concave","meaningfulness",49
104,"sin_fr_full","meaningfulness",81
104,"sin_fr_partial","meaningfulness",80
104,"sin_rf_full","meaningfulness",50
104,"sin_rf_partial","meaningfulness",39
104,"sin_rfr_full","meaningfulness",50
104,"sin_rfr_partial","meaningfulness",56
104,"sin_frf_full","meaningfulness",51
104,"sin_frf_partial","meaningfulness",49
104,"sin_frfr","meaningfulness",51
104,"sin_rfrf","meaningfulness",40
104,"logistic_rise","meaningfulness",82
104,"logistic_fall","meaningfulness",36
104,"positive_change_full","meaningfulness",73
104,"positive_change_partial","meaningfulness",30
104,"negative_change_full","meaningfulness",37
104,"negative_change_partial","meaningfulness",70
104,"linear_rise_sharp_fall","meaningfulness",39
104,"linear_rise_sharp_fall_exp_rise","meaningfulness",70
105,"linear_rise","meaningfulness",70
105,"linear_fall","meaningfulness",55
105,"linear_low","meaningfulness",50
105,"linear_middle","meaningfulness",50
105,"linear_high","meaningfulness",56
105,"exp_rise_convex","meaningfulness",60
105,"exp_fall_convex","meaningfulness",55
105,"exp_rise_concave","meaningfulness",81
105,"exp_fall_concave","meaningfulness",68
105,"sin_fr_full","meaningfulness",65
105,"sin_fr_partial","meaningfulness",67
105,"sin_rf_full","meaningfulness",65
105,"sin_rf_partial","meaningfulness",80
105,"sin_rfr_full","meaningfulness",75
105,"sin_rfr_partial","meaningfulness",65
105,"sin_frf_full","meaningfulness",77
105,"sin_frf_partial","meaningfulness",68
105,"sin_frfr","meaningfulness",65
105,"sin_rfrf","meaningfulness",75
105,"logistic_rise","meaningfulness",75
105,"logistic_fall","meaningfulness",50
105,"positive_change_full","meaningfulness",61
105,"positive_change_partial","meaningfulness",66
105,"negative_change_full","meaningfulness",55
105,"negative_change_partial","meaningfulness",60
105,"linear_rise_sharp_fall","meaningfulness",80
105,"linear_rise_sharp_fall_exp_rise","meaningfulness",75
106,"linear_rise","meaningfulness",71
106,"linear_fall","meaningfulness",14
106,"linear_low","meaningfulness",0
106,"linear_middle","meaningfulness",50
106,"linear_high","meaningfulness",100
106,"exp_rise_convex","meaningfulness",30
106,"exp_fall_convex","meaningfulness",30
106,"exp_rise_concave","meaningfulness",81
106,"exp_fall_concave","meaningfulness",30
106,"sin_fr_full","meaningfulness",82
106,"sin_fr_partial","meaningfulness",55
106,"sin_rf_full","meaningfulness",30
106,"sin_rf_partial","meaningfulness",56
106,"sin_rfr_full","meaningfulness",81
106,"sin_rfr_partial","meaningfulness",60
106,"sin_frf_full","meaningfulness",56
106,"sin_frf_partial","meaningfulness",61
106,"sin_frfr","meaningfulness",91
106,"sin_rfrf","meaningfulness",61
106,"logistic_rise","meaningfulness",70
106,"logistic_fall","meaningfulness",29
106,"positive_change_full","meaningfulness",39
106,"positive_change_partial","meaningfulness",60
106,"negative_change_full","meaningfulness",61
106,"negative_change_partial","meaningfulness",71
106,"linear_rise_sharp_fall","meaningfulness",50
106,"linear_rise_sharp_fall_exp_rise","meaningfulness",40
107,"linear_rise","meaningfulness",100
107,"linear_fall","meaningfulness",5
107,"linear_low","meaningfulness",0
107,"linear_middle","meaningfulness",75
107,"linear_high","meaningfulness",100
107,"exp_rise_convex","meaningfulness",18
107,"exp_fall_convex","meaningfulness",5
107,"exp_rise_concave","meaningfulness",98
107,"exp_fall_concave","meaningfulness",100
107,"sin_fr_full","meaningfulness",42
107,"sin_fr_partial","meaningfulness",17
107,"sin_rf_full","meaningfulness",79
107,"sin_rf_partial","meaningfulness",63
107,"sin_rfr_full","meaningfulness",52
107,"sin_rfr_partial","meaningfulness",69
107,"sin_frf_full","meaningfulness",46
107,"sin_frf_partial","meaningfulness",60
107,"sin_frfr","meaningfulness",22
107,"sin_rfrf","meaningfulness",75
107,"logistic_rise","meaningfulness",35
107,"logistic_fall","meaningfulness",14
107,"positive_change_full","meaningfulness",19
107,"positive_change_partial","meaningfulness",23
107,"negative_change_full","meaningfulness",100
107,"negative_change_partial","meaningfulness",83
107,"linear_rise_sharp_fall","meaningfulness",8
107,"linear_rise_sharp_fall_exp_rise","meaningfulness",68
108,"linear_rise","meaningfulness",51
108,"linear_fall","meaningfulness",50
108,"linear_low","meaningfulness",0
108,"linear_middle","meaningfulness",50
108,"linear_high","meaningfulness",100
108,"exp_rise_convex","meaningfulness",21
108,"exp_fall_convex","meaningfulness",23
108,"exp_rise_concave","meaningfulness",83
108,"exp_fall_concave","meaningfulness",69
108,"sin_fr_full","meaningfulness",38
108,"sin_fr_partial","meaningfulness",45
108,"sin_rf_full","meaningfulness",45
108,"sin_rf_partial","meaningfulness",64
108,"sin_rfr_full","meaningfulness",62
108,"sin_rfr_partial","meaningfulness",45
108,"sin_frf_full","meaningfulness",46
108,"sin_frf_partial","meaningfulness",43
108,"sin_frfr","meaningfulness",58
108,"sin_rfrf","meaningfulness",55
108,"logistic_rise","meaningfulness",50
108,"logistic_fall","meaningfulness",51
108,"positive_change_full","meaningfulness",62
108,"positive_change_partial","meaningfulness",37
108,"negative_change_full","meaningfulness",66
108,"negative_change_partial","meaningfulness",62
108,"linear_rise_sharp_fall","meaningfulness",14
108,"linear_rise_sharp_fall_exp_rise","meaningfulness",36
109,"linear_rise","meaningfulness",62
109,"linear_fall","meaningfulness",60
109,"linear_low","meaningfulness",8
109,"linear_middle","meaningfulness",69
109,"linear_high","meaningfulness",100
109,"exp_rise_convex","meaningfulness",78
109,"exp_fall_convex","meaningfulness",51
109,"exp_rise_concave","meaningfulness",92
109,"exp_fall_concave","meaningfulness",47
109,"sin_fr_full","meaningfulness",64
109,"sin_fr_partial","meaningfulness",84
109,"sin_rf_full","meaningfulness",52
109,"sin_rf_partial","meaningfulness",44
109,"sin_rfr_full","meaningfulness",66
109,"sin_rfr_partial","meaningfulness",68
109,"sin_frf_full","meaningfulness",60
109,"sin_frf_partial","meaningfulness",66
109,"sin_frfr","meaningfulness",55
109,"sin_rfrf","meaningfulness",32
109,"logistic_rise","meaningfulness",76
109,"logistic_fall","meaningfulness",32
109,"positive_change_full","meaningfulness",57
109,"positive_change_partial","meaningfulness",45
109,"negative_change_full","meaningfulness",66
109,"negative_change_partial","meaningfulness",80
109,"linear_rise_sharp_fall","meaningfulness",25
109,"linear_rise_sharp_fall_exp_rise","meaningfulness",86
110,"linear_rise","meaningfulness",81
110,"linear_fall","meaningfulness",10
110,"linear_low","meaningfulness",5
110,"linear_middle","meaningfulness",50
110,"linear_high","meaningfulness",100
110,"exp_rise_convex","meaningfulness",60
110,"exp_fall_convex","meaningfulness",30
110,"exp_rise_concave","meaningfulness",90
110,"exp_fall_concave","meaningfulness",30
110,"sin_fr_full","meaningfulness",51
110,"sin_fr_partial","meaningfulness",80
110,"sin_rf_full","meaningfulness",49
110,"sin_rf_partial","meaningfulness",30
110,"sin_rfr_full","meaningfulness",50
110,"sin_rfr_partial","meaningfulness",50
110,"sin_frf_full","meaningfulness",50
110,"sin_frf_partial","meaningfulness",50
110,"sin_frfr","meaningfulness",49
110,"sin_rfrf","meaningfulness",39
110,"logistic_rise","meaningfulness",80
110,"logistic_fall","meaningfulness",30
110,"positive_change_full","meaningfulness",50
110,"positive_change_partial","meaningfulness",30
110,"negative_change_full","meaningfulness",65
110,"negative_change_partial","meaningfulness",61
110,"linear_rise_sharp_fall","meaningfulness",40
110,"linear_rise_sharp_fall_exp_rise","meaningfulness",62
111,"linear_rise","meaningfulness",62
111,"linear_fall","meaningfulness",19
111,"linear_low","meaningfulness",0
111,"linear_middle","meaningfulness",75
111,"linear_high","meaningfulness",100
111,"exp_rise_convex","meaningfulness",52
111,"exp_fall_convex","meaningfulness",8
111,"exp_rise_concave","meaningfulness",82
111,"exp_fall_concave","meaningfulness",46
111,"sin_fr_full","meaningfulness",50
111,"sin_fr_partial","meaningfulness",78
111,"sin_rf_full","meaningfulness",60
111,"sin_rf_partial","meaningfulness",40
111,"sin_rfr_full","meaningfulness",60
111,"sin_rfr_partial","meaningfulness",44
111,"sin_frf_full","meaningfulness",50
111,"sin_frf_partial","meaningfulness",58
111,"sin_frfr","meaningfulness",58
111,"sin_rfrf","meaningfulness",50
111,"logistic_rise","meaningfulness",65
111,"logistic_fall","meaningfulness",39
111,"positive_change_full","meaningfulness",53
111,"positive_change_partial","meaningfulness",37
111,"negative_change_full","meaningfulness",54
111,"negative_change_partial","meaningfulness",56
111,"linear_rise_sharp_fall","meaningfulness",35
111,"linear_rise_sharp_fall_exp_rise","meaningfulness",60
112,"linear_rise","meaningfulness",17
112,"linear_fall","meaningfulness",37
112,"linear_low","meaningfulness",17
112,"linear_middle","meaningfulness",83
112,"linear_high","meaningfulness",60
112,"exp_rise_convex","meaningfulness",69
112,"exp_fall_convex","meaningfulness",69
112,"exp_rise_concave","meaningfulness",34
112,"exp_fall_concave","meaningfulness",89
112,"sin_fr_full","meaningfulness",64
112,"sin_fr_partial","meaningfulness",76
112,"sin_rf_full","meaningfulness",70
112,"sin_rf_partial","meaningfulness",75
112,"sin_rfr_full","meaningfulness",71
112,"sin_rfr_partial","meaningfulness",80
112,"sin_frf_full","meaningfulness",80
112,"sin_frf_partial","meaningfulness",46
112,"sin_frfr","meaningfulness",69
112,"sin_rfrf","meaningfulness",58
112,"logistic_rise","meaningfulness",79
112,"logistic_fall","meaningfulness",72
112,"positive_change_full","meaningfulness",58
112,"positive_change_partial","meaningfulness",69
112,"negative_change_full","meaningfulness",75
112,"negative_change_partial","meaningfulness",79
112,"linear_rise_sharp_fall","meaningfulness",84
112,"linear_rise_sharp_fall_exp_rise","meaningfulness",68
113,"linear_rise","meaningfulness",80
113,"linear_fall","meaningfulness",70
113,"linear_low","meaningfulness",0
113,"linear_middle","meaningfulness",50
113,"linear_high","meaningfulness",100
113,"exp_rise_convex","meaningfulness",40
113,"exp_fall_convex","meaningfulness",30
113,"exp_rise_concave","meaningfulness",90
113,"exp_fall_concave","meaningfulness",85
113,"sin_fr_full","meaningfulness",40
113,"sin_fr_partial","meaningfulness",50
113,"sin_rf_full","meaningfulness",80
113,"sin_rf_partial","meaningfulness",60
113,"sin_rfr_full","meaningfulness",70
113,"sin_rfr_partial","meaningfulness",65
113,"sin_frf_full","meaningfulness",50
113,"sin_frf_partial","meaningfulness",60
113,"sin_frfr","meaningfulness",40
113,"sin_rfrf","meaningfulness",30
113,"logistic_rise","meaningfulness",75
113,"logistic_fall","meaningfulness",40
113,"positive_change_full","meaningfulness",70
113,"positive_change_partial","meaningfulness",60
113,"negative_change_full","meaningfulness",70
113,"negative_change_partial","meaningfulness",90
113,"linear_rise_sharp_fall","meaningfulness",20
113,"linear_rise_sharp_fall_exp_rise","meaningfulness",50
114,"linear_rise","meaningfulness",80
114,"linear_fall","meaningfulness",56
114,"linear_low","meaningfulness",13
114,"linear_middle","meaningfulness",50
114,"linear_high","meaningfulness",99
114,"exp_rise_convex","meaningfulness",59
114,"exp_fall_convex","meaningfulness",58
114,"exp_rise_concave","meaningfulness",93
114,"exp_fall_concave","meaningfulness",87
114,"sin_fr_full","meaningfulness",82
114,"sin_fr_partial","meaningfulness",62
114,"sin_rf_full","meaningfulness",84
114,"sin_rf_partial","meaningfulness",60
114,"sin_rfr_full","meaningfulness",78
114,"sin_rfr_partial","meaningfulness",84
114,"sin_frf_full","meaningfulness",67
114,"sin_frf_partial","meaningfulness",74
114,"sin_frfr","meaningfulness",86
114,"sin_rfrf","meaningfulness",66
114,"logistic_rise","meaningfulness",85
114,"logistic_fall","meaningfulness",51
114,"positive_change_full","meaningfulness",64
114,"positive_change_partial","meaningfulness",78
114,"negative_change_full","meaningfulness",65
114,"negative_change_partial","meaningfulness",72
114,"linear_rise_sharp_fall","meaningfulness",26
114,"linear_rise_sharp_fall_exp_rise","meaningfulness",46
115,"linear_rise","meaningfulness",100
115,"linear_fall","meaningfulness",5
115,"linear_low","meaningfulness",0
115,"linear_middle","meaningfulness",50
115,"linear_high","meaningfulness",95
115,"exp_rise_convex","meaningfulness",90
115,"exp_fall_convex","meaningfulness",10
115,"exp_rise_concave","meaningfulness",96
115,"exp_fall_concave","meaningfulness",55
115,"sin_fr_full","meaningfulness",90
115,"sin_fr_partial","meaningfulness",79
115,"sin_rf_full","meaningfulness",35
115,"sin_rf_partial","meaningfulness",40
115,"sin_rfr_full","meaningfulness",96
115,"sin_rfr_partial","meaningfulness",90
115,"sin_frf_full","meaningfulness",60
115,"sin_frf_partial","meaningfulness",55
115,"sin_frfr","meaningfulness",85
115,"sin_rfrf","meaningfulness",54
115,"logistic_rise","meaningfulness",59
115,"logistic_fall","meaningfulness",40
115,"positive_change_full","meaningfulness",46
115,"positive_change_partial","meaningfulness",15
115,"negative_change_full","meaningfulness",74
115,"negative_change_partial","meaningfulness",65
115,"linear_rise_sharp_fall","meaningfulness",35
115,"linear_rise_sharp_fall_exp_rise","meaningfulness",98
116,"linear_rise","meaningfulness",63
116,"linear_fall","meaningfulness",19
116,"linear_low","meaningfulness",11
116,"linear_middle","meaningfulness",26
116,"linear_high","meaningfulness",84
116,"exp_rise_convex","meaningfulness",19
116,"exp_fall_convex","meaningfulness",52
116,"exp_rise_concave","meaningfulness",58
116,"exp_fall_concave","meaningfulness",66
116,"sin_fr_full","meaningfulness",15
116,"sin_fr_partial","meaningfulness",23
116,"sin_rf_full","meaningfulness",61
116,"sin_rf_partial","meaningfulness",30
116,"sin_rfr_full","meaningfulness",33
116,"sin_rfr_partial","meaningfulness",19
116,"sin_frf_full","meaningfulness",29
116,"sin_frf_partial","meaningfulness",43
116,"sin_frfr","meaningfulness",31
116,"sin_rfrf","meaningfulness",34
116,"logistic_rise","meaningfulness",56
116,"logistic_fall","meaningfulness",27
116,"positive_change_full","meaningfulness",28
116,"positive_change_partial","meaningfulness",20
116,"negative_change_full","meaningfulness",34
116,"negative_change_partial","meaningfulness",41
116,"linear_rise_sharp_fall","meaningfulness",25
116,"linear_rise_sharp_fall_exp_rise","meaningfulness",31
117,"linear_rise","meaningfulness",65
117,"linear_fall","meaningfulness",56
117,"linear_low","meaningfulness",60
117,"linear_middle","meaningfulness",65
117,"linear_high","meaningfulness",65
117,"exp_rise_convex","meaningfulness",61
117,"exp_fall_convex","meaningfulness",65
117,"exp_rise_concave","meaningfulness",56
117,"exp_fall_concave","meaningfulness",64
117,"sin_fr_full","meaningfulness",60
117,"sin_fr_partial","meaningfulness",65
117,"sin_rf_full","meaningfulness",65
117,"sin_rf_partial","meaningfulness",61
117,"sin_rfr_full","meaningfulness",56
117,"sin_rfr_partial","meaningfulness",62
117,"sin_frf_full","meaningfulness",65
117,"sin_frf_partial","meaningfulness",65
117,"sin_frfr","meaningfulness",62
117,"sin_rfrf","meaningfulness",64
117,"logistic_rise","meaningfulness",60
117,"logistic_fall","meaningfulness",59
117,"positive_change_full","meaningfulness",58
117,"positive_change_partial","meaningfulness",62
117,"negative_change_full","meaningfulness",61
117,"negative_change_partial","meaningfulness",60
117,"linear_rise_sharp_fall","meaningfulness",65
117,"linear_rise_sharp_fall_exp_rise","meaningfulness",53
118,"linear_rise","meaningfulness",88
118,"linear_fall","meaningfulness",53
118,"linear_low","meaningfulness",0
118,"linear_middle","meaningfulness",42
118,"linear_high","meaningfulness",100
118,"exp_rise_convex","meaningfulness",6
118,"exp_fall_convex","meaningfulness",9
118,"exp_rise_concave","meaningfulness",97
118,"exp_fall_concave","meaningfulness",81
118,"sin_fr_full","meaningfulness",60
118,"sin_fr_partial","meaningfulness",68
118,"sin_rf_full","meaningfulness",77
118,"sin_rf_partial","meaningfulness",86
118,"sin_rfr_full","meaningfulness",41
118,"sin_rfr_partial","meaningfulness",64
118,"sin_frf_full","meaningfulness",55
118,"sin_frf_partial","meaningfulness",76
118,"sin_frfr","meaningfulness",72
118,"sin_rfrf","meaningfulness",56
118,"logistic_rise","meaningfulness",45
118,"logistic_fall","meaningfulness",25
118,"positive_change_full","meaningfulness",52
118,"positive_change_partial","meaningfulness",38
118,"negative_change_full","meaningfulness",81
118,"negative_change_partial","meaningfulness",58
118,"linear_rise_sharp_fall","meaningfulness",9
118,"linear_rise_sharp_fall_exp_rise","meaningfulness",22
119,"linear_rise","meaningfulness",82
119,"linear_fall","meaningfulness",47
119,"linear_low","meaningfulness",0
119,"linear_middle","meaningfulness",76
119,"linear_high","meaningfulness",100
119,"exp_rise_convex","meaningfulness",77
119,"exp_fall_convex","meaningfulness",29
119,"exp_rise_concave","meaningfulness",87
119,"exp_fall_concave","meaningfulness",53
119,"sin_fr_full","meaningfulness",80
119,"sin_fr_partial","meaningfulness",90
119,"sin_rf_full","meaningfulness",53
119,"sin_rf_partial","meaningfulness",57
119,"sin_rfr_full","meaningfulness",15
119,"sin_rfr_partial","meaningfulness",46
119,"sin_frf_full","meaningfulness",48
119,"sin_frf_partial","meaningfulness",61
119,"sin_frfr","meaningfulness",40
119,"sin_rfrf","meaningfulness",36
119,"logistic_rise","meaningfulness",86
119,"logistic_fall","meaningfulness",6
119,"positive_change_full","meaningfulness",70
119,"positive_change_partial","meaningfulness",50
119,"negative_change_full","meaningfulness",32
119,"negative_change_partial","meaningfulness",70
119,"linear_rise_sharp_fall","meaningfulness",6
119,"linear_rise_sharp_fall_exp_rise","meaningfulness",65
120,"linear_rise","meaningfulness",61
120,"linear_fall","meaningfulness",21
120,"linear_low","meaningfulness",5
120,"linear_middle","meaningfulness",17
120,"linear_high","meaningfulness",92
120,"exp_rise_convex","meaningfulness",76
120,"exp_fall_convex","meaningfulness",23
120,"exp_rise_concave","meaningfulness",70
120,"exp_fall_concave","meaningfulness",31
120,"sin_fr_full","meaningfulness",61
120,"sin_fr_partial","meaningfulness",62
120,"sin_rf_full","meaningfulness",50
120,"sin_rf_partial","meaningfulness",42
120,"sin_rfr_full","meaningfulness",70
120,"sin_rfr_partial","meaningfulness",72
120,"sin_frf_full","meaningfulness",79
120,"sin_frf_partial","meaningfulness",72
120,"sin_frfr","meaningfulness",87
120,"sin_rfrf","meaningfulness",80
120,"logistic_rise","meaningfulness",41
120,"logistic_fall","meaningfulness",32
120,"positive_change_full","meaningfulness",42
120,"positive_change_partial","meaningfulness",42
120,"negative_change_full","meaningfulness",61
120,"negative_change_partial","meaningfulness",67
120,"linear_rise_sharp_fall","meaningfulness",41
120,"linear_rise_sharp_fall_exp_rise","meaningfulness",61
121,"linear_rise","meaningfulness",60
121,"linear_fall","meaningfulness",5
121,"linear_low","meaningfulness",0
121,"linear_middle","meaningfulness",50
121,"linear_high","meaningfulness",10
121,"exp_rise_convex","meaningfulness",50
121,"exp_fall_convex","meaningfulness",5
121,"exp_rise_concave","meaningfulness",60
121,"exp_fall_concave","meaningfulness",10
121,"sin_fr_full","meaningfulness",60
121,"sin_fr_partial","meaningfulness",70
121,"sin_rf_full","meaningfulness",40
121,"sin_rf_partial","meaningfulness",25
121,"sin_rfr_full","meaningfulness",70
121,"sin_rfr_partial","meaningfulness",60
121,"sin_frf_full","meaningfulness",60
121,"sin_frf_partial","meaningfulness",60
121,"sin_frfr","meaningfulness",70
121,"sin_rfrf","meaningfulness",20
121,"logistic_rise","meaningfulness",30
121,"logistic_fall","meaningfulness",30
121,"positive_change_full","meaningfulness",40
121,"positive_change_partial","meaningfulness",30
121,"negative_change_full","meaningfulness",30
121,"negative_change_partial","meaningfulness",60
121,"linear_rise_sharp_fall","meaningfulness",15
121,"linear_rise_sharp_fall_exp_rise","meaningfulness",50
122,"linear_rise","meaningfulness",71
122,"linear_fall","meaningfulness",7
122,"linear_low","meaningfulness",0
122,"linear_middle","meaningfulness",30
122,"linear_high","meaningfulness",10
122,"exp_rise_convex","meaningfulness",84
122,"exp_fall_convex","meaningfulness",31
122,"exp_rise_concave","meaningfulness",83
122,"exp_fall_concave","meaningfulness",77
122,"sin_fr_full","meaningfulness",84
122,"sin_fr_partial","meaningfulness",90
122,"sin_rf_full","meaningfulness",35
122,"sin_rf_partial","meaningfulness",26
122,"sin_rfr_full","meaningfulness",71
122,"sin_rfr_partial","meaningfulness",93
122,"sin_frf_full","meaningfulness",55
122,"sin_frf_partial","meaningfulness",29
122,"sin_frfr","meaningfulness",80
122,"sin_rfrf","meaningfulness",57
122,"logistic_rise","meaningfulness",97
122,"logistic_fall","meaningfulness",47
122,"positive_change_full","meaningfulness",82
122,"positive_change_partial","meaningfulness",87
122,"negative_change_full","meaningfulness",80
122,"negative_change_partial","meaningfulness",82
122,"linear_rise_sharp_fall","meaningfulness",30
122,"linear_rise_sharp_fall_exp_rise","meaningfulness",77
123,"linear_rise","meaningfulness",67
123,"linear_fall","meaningfulness",66
123,"linear_low","meaningfulness",35
123,"linear_middle","meaningfulness",50
123,"linear_high","meaningfulness",8
123,"exp_rise_convex","meaningfulness",62
123,"exp_fall_convex","meaningfulness",83
123,"exp_rise_concave","meaningfulness",72
123,"exp_fall_concave","meaningfulness",46
123,"sin_fr_full","meaningfulness",50
123,"sin_fr_partial","meaningfulness",66
123,"sin_rf_full","meaningfulness",71
123,"sin_rf_partial","meaningfulness",82
123,"sin_rfr_full","meaningfulness",69
123,"sin_rfr_partial","meaningfulness",66
123,"sin_frf_full","meaningfulness",83
123,"sin_frf_partial","meaningfulness",72
123,"sin_frfr","meaningfulness",80
123,"sin_rfrf","meaningfulness",75
123,"logistic_rise","meaningfulness",66
123,"logistic_fall","meaningfulness",65
123,"positive_change_full","meaningfulness",39
123,"positive_change_partial","meaningfulness",61
123,"negative_change_full","meaningfulness",72
123,"negative_change_partial","meaningfulness",71
123,"linear_rise_sharp_fall","meaningfulness",35
123,"linear_rise_sharp_fall_exp_rise","meaningfulness",72
124,"linear_rise","meaningfulness",100
124,"linear_fall","meaningfulness",6
124,"linear_low","meaningfulness",0
124,"linear_middle","meaningfulness",15
124,"linear_high","meaningfulness",31
124,"exp_rise_convex","meaningfulness",83
124,"exp_fall_convex","meaningfulness",6
124,"exp_rise_concave","meaningfulness",92
124,"exp_fall_concave","meaningfulness",4
124,"sin_fr_full","meaningfulness",6
124,"sin_fr_partial","meaningfulness",100
124,"sin_rf_full","meaningfulness",51
124,"sin_rf_partial","meaningfulness",13
124,"sin_rfr_full","meaningfulness",100
124,"sin_rfr_partial","meaningfulness",15
124,"sin_frf_full","meaningfulness",55
124,"sin_frf_partial","meaningfulness",93
124,"sin_frfr","meaningfulness",100
124,"sin_rfrf","meaningfulness",73
124,"logistic_rise","meaningfulness",89
124,"logistic_fall","meaningfulness",0
124,"positive_change_full","meaningfulness",18
124,"positive_change_partial","meaningfulness",30
124,"negative_change_full","meaningfulness",79
124,"negative_change_partial","meaningfulness",73
124,"linear_rise_sharp_fall","meaningfulness",5
124,"linear_rise_sharp_fall_exp_rise","meaningfulness",97
125,"linear_rise","meaningfulness",0
125,"linear_fall","meaningfulness",9
125,"linear_low","meaningfulness",0
125,"linear_middle","meaningfulness",10
125,"linear_high","meaningfulness",100
125,"exp_rise_convex","meaningfulness",91
125,"exp_fall_convex","meaningfulness",14
125,"exp_rise_concave","meaningfulness",81
125,"exp_fall_concave","meaningfulness",24
125,"sin_fr_full","meaningfulness",61
125,"sin_fr_partial","meaningfulness",90
125,"sin_rf_full","meaningfulness",60
125,"sin_rf_partial","meaningfulness",33
125,"sin_rfr_full","meaningfulness",70
125,"sin_rfr_partial","meaningfulness",72
125,"sin_frf_full","meaningfulness",47
125,"sin_frf_partial","meaningfulness",69
125,"sin_frfr","meaningfulness",53
125,"sin_rfrf","meaningfulness",70
125,"logistic_rise","meaningfulness",100
125,"logistic_fall","meaningfulness",20
125,"positive_change_full","meaningfulness",40
125,"positive_change_partial","meaningfulness",30
125,"negative_change_full","meaningfulness",50
125,"negative_change_partial","meaningfulness",82
125,"linear_rise_sharp_fall","meaningfulness",26
125,"linear_rise_sharp_fall_exp_rise","meaningfulness",90
126,"linear_rise","meaningfulness",89
126,"linear_fall","meaningfulness",65
126,"linear_low","meaningfulness",15
126,"linear_middle","meaningfulness",17
126,"linear_high","meaningfulness",40
126,"exp_rise_convex","meaningfulness",80
126,"exp_fall_convex","meaningfulness",27
126,"exp_rise_concave","meaningfulness",55
126,"exp_fall_concave","meaningfulness",70
126,"sin_fr_full","meaningfulness",80
126,"sin_fr_partial","meaningfulness",90
126,"sin_rf_full","meaningfulness",60
126,"sin_rf_partial","meaningfulness",39
126,"sin_rfr_full","meaningfulness",87
126,"sin_rfr_partial","meaningfulness",85
126,"sin_frf_full","meaningfulness",60
126,"sin_frf_partial","meaningfulness",70
126,"sin_frfr","meaningfulness",85
126,"sin_rfrf","meaningfulness",40
126,"logistic_rise","meaningfulness",87
126,"logistic_fall","meaningfulness",20
126,"positive_change_full","meaningfulness",93
126,"positive_change_partial","meaningfulness",75
126,"negative_change_full","meaningfulness",67
126,"negative_change_partial","meaningfulness",77
126,"linear_rise_sharp_fall","meaningfulness",50
126,"linear_rise_sharp_fall_exp_rise","meaningfulness",83
1,"linear_rise","personal_desirability",50
1,"linear_fall","personal_desirability",55
1,"linear_low","personal_desirability",71
1,"linear_middle","personal_desirability",77
1,"linear_high","personal_desirability",52
1,"exp_rise_convex","personal_desirability",79
1,"exp_fall_convex","personal_desirability",45
1,"exp_rise_concave","personal_desirability",71
1,"exp_fall_concave","personal_desirability",81
1,"sin_fr_full","personal_desirability",67
1,"sin_fr_partial","personal_desirability",73
1,"sin_rf_full","personal_desirability",84
1,"sin_rf_partial","personal_desirability",70
1,"sin_rfr_full","personal_desirability",72
1,"sin_rfr_partial","personal_desirability",63
1,"sin_frf_full","personal_desirability",69
1,"sin_frf_partial","personal_desirability",63
1,"sin_frfr","personal_desirability",74
1,"sin_rfrf","personal_desirability",73
1,"logistic_rise","personal_desirability",71
1,"logistic_fall","personal_desirability",74
1,"positive_change_full","personal_desirability",69
1,"positive_change_partial","personal_desirability",66
1,"negative_change_full","personal_desirability",65
1,"negative_change_partial","personal_desirability",79
1,"linear_rise_sharp_fall","personal_desirability",83
1,"linear_rise_sharp_fall_exp_rise","personal_desirability",81
2,"linear_rise","personal_desirability",82
2,"linear_fall","personal_desirability",5
2,"linear_low","personal_desirability",0
2,"linear_middle","personal_desirability",48
2,"linear_high","personal_desirability",100
2,"exp_rise_convex","personal_desirability",16
2,"exp_fall_convex","personal_desirability",8
2,"exp_rise_concave","personal_desirability",97
2,"exp_fall_concave","personal_desirability",17
2,"sin_fr_full","personal_desirability",36
2,"sin_fr_partial","personal_desirability",74
2,"sin_rf_full","personal_desirability",36
2,"sin_rf_partial","personal_desirability",50
2,"sin_rfr_full","personal_desirability",43
2,"sin_rfr_partial","personal_desirability",35
2,"sin_frf_full","personal_desirability",34
2,"sin_frf_partial","personal_desirability",41
2,"sin_frfr","personal_desirability",26
2,"sin_rfrf","personal_desirability",27
2,"logistic_rise","personal_desirability",58
2,"logistic_fall","personal_desirability",8
2,"positive_change_full","personal_desirability",58
2,"positive_change_partial","personal_desirability",19
2,"negative_change_full","personal_desirability",31
2,"negative_change_partial","personal_desirability",35
2,"linear_rise_sharp_fall","personal_desirability",4
2,"linear_rise_sharp_fall_exp_rise","personal_desirability",61
3,"linear_rise","personal_desirability",60
3,"linear_fall","personal_desirability",0
3,"linear_low","personal_desirability",0
3,"linear_middle","personal_desirability",40
3,"linear_high","personal_desirability",100
3,"exp_rise_convex","personal_desirability",60
3,"exp_fall_convex","personal_desirability",0
3,"exp_rise_concave","personal_desirability",100
3,"exp_fall_concave","personal_desirability",0
3,"sin_fr_full","personal_desirability",20
3,"sin_fr_partial","personal_desirability",60
3,"sin_rf_full","personal_desirability",40
3,"sin_rf_partial","personal_desirability",10
3,"sin_rfr_full","personal_desirability",30
3,"sin_rfr_partial","personal_desirability",55
3,"sin_frf_full","personal_desirability",19
3,"sin_frf_partial","personal_desirability",60
3,"sin_frfr","personal_desirability",10
3,"sin_rfrf","personal_desirability",5
3,"logistic_rise","personal_desirability",25
3,"logistic_fall","personal_desirability",0
3,"positive_change_full","personal_desirability",5
3,"positive_change_partial","personal_desirability",5
3,"negative_change_full","personal_desirability",60
3,"negative_change_partial","personal_desirability",79
3,"linear_rise_sharp_fall","personal_desirability",0
3,"linear_rise_sharp_fall_exp_rise","personal_desirability",20
4,"linear_rise","personal_desirability",31
4,"linear_fall","personal_desirability",74
4,"linear_low","personal_desirability",1
4,"linear_middle","personal_desirability",89
4,"linear_high","personal_desirability",100
4,"exp_rise_convex","personal_desirability",10
4,"exp_fall_convex","personal_desirability",54
4,"exp_rise_concave","personal_desirability",12
4,"exp_fall_concave","personal_desirability",100
4,"sin_fr_full","personal_desirability",4
4,"sin_fr_partial","personal_desirability",7
4,"sin_rf_full","personal_desirability",76
4,"sin_rf_partial","personal_desirability",42
4,"sin_rfr_full","personal_desirability",35
4,"sin_rfr_partial","personal_desirability",46
4,"sin_frf_full","personal_desirability",11
4,"sin_frf_partial","personal_desirability",16
4,"sin_frfr","personal_desirability",30
4,"sin_rfrf","personal_desirability",52
4,"logistic_rise","personal_desirability",19
4,"logistic_fall","personal_desirability",70
4,"positive_change_full","personal_desirability",7
4,"positive_change_partial","personal_desirability",2
4,"negative_change_full","personal_desirability",45
4,"negative_change_partial","personal_desirability",34
4,"linear_rise_sharp_fall","personal_desirability",9
4,"linear_rise_sharp_fall_exp_rise","personal_desirability",24
5,"linear_rise","personal_desirability",59
5,"linear_fall","personal_desirability",46
5,"linear_low","personal_desirability",3
5,"linear_middle","personal_desirability",33
5,"linear_high","personal_desirability",100
5,"exp_rise_convex","personal_desirability",23
5,"exp_fall_convex","personal_desirability",37
5,"exp_rise_concave","personal_desirability",78
5,"exp_fall_concave","personal_desirability",82
5,"sin_fr_full","personal_desirability",50
5,"sin_fr_partial","personal_desirability",61
5,"sin_rf_full","personal_desirability",27
5,"sin_rf_partial","personal_desirability",56
5,"sin_rfr_full","personal_desirability",28
5,"sin_rfr_partial","personal_desirability",37
5,"sin_frf_full","personal_desirability",36
5,"sin_frf_partial","personal_desirability",34
5,"sin_frfr","personal_desirability",29
5,"sin_rfrf","personal_desirability",33
5,"logistic_rise","personal_desirability",42
5,"logistic_fall","personal_desirability",41
5,"positive_change_full","personal_desirability",48
5,"positive_change_partial","personal_desirability",63
5,"negative_change_full","personal_desirability",40
5,"negative_change_partial","personal_desirability",74
5,"linear_rise_sharp_fall","personal_desirability",23
5,"linear_rise_sharp_fall_exp_rise","personal_desirability",33
6,"linear_rise","personal_desirability",44
6,"linear_fall","personal_desirability",59
6,"linear_low","personal_desirability",17
6,"linear_middle","personal_desirability",57
6,"linear_high","personal_desirability",50
6,"exp_rise_convex","personal_desirability",61
6,"exp_fall_convex","personal_desirability",54
6,"exp_rise_concave","personal_desirability",52
6,"exp_fall_concave","personal_desirability",51
6,"sin_fr_full","personal_desirability",38
6,"sin_fr_partial","personal_desirability",57
6,"sin_rf_full","personal_desirability",60
6,"sin_rf_partial","personal_desirability",65
6,"sin_rfr_full","personal_desirability",49
6,"sin_rfr_partial","personal_desirability",42
6,"sin_frf_full","personal_desirability",51
6,"sin_frf_partial","personal_desirability",40
6,"sin_frfr","personal_desirability",47
6,"sin_rfrf","personal_desirability",61
6,"logistic_rise","personal_desirability",45
6,"logistic_fall","personal_desirability",68
6,"positive_change_full","personal_desirability",56
6,"positive_change_partial","personal_desirability",57
6,"negative_change_full","personal_desirability",37
6,"negative_change_partial","personal_desirability",51
6,"linear_rise_sharp_fall","personal_desirability",66
6,"linear_rise_sharp_fall_exp_rise","personal_desirability",60
7,"linear_rise","personal_desirability",84
7,"linear_fall","personal_desirability",6
7,"linear_low","personal_desirability",0
7,"linear_middle","personal_desirability",61
7,"linear_high","personal_desirability",100
7,"exp_rise_convex","personal_desirability",87
7,"exp_fall_convex","personal_desirability",8
7,"exp_rise_concave","personal_desirability",83
7,"exp_fall_concave","personal_desirability",0
7,"sin_fr_full","personal_desirability",20
7,"sin_fr_partial","personal_desirability",23
7,"sin_rf_full","personal_desirability",54
7,"sin_rf_partial","personal_desirability",28
7,"sin_rfr_full","personal_desirability",52
7,"sin_rfr_partial","personal_desirability",53
7,"sin_frf_full","personal_desirability",29
7,"sin_frf_partial","personal_desirability",57
7,"sin_frfr","personal_desirability",62
7,"sin_rfrf","personal_desirability",10
7,"logistic_rise","personal_desirability",65
7,"logistic_fall","personal_desirability",20
7,"positive_change_full","personal_desirability",23
7,"positive_change_partial","personal_desirability",0
7,"negative_change_full","personal_desirability",51
7,"negative_change_partial","personal_desirability",66
7,"linear_rise_sharp_fall","personal_desirability",4
7,"linear_rise_sharp_fall_exp_rise","personal_desirability",9
8,"linear_rise","personal_desirability",70
8,"linear_fall","personal_desirability",26
8,"linear_low","personal_desirability",0
8,"linear_middle","personal_desirability",15
8,"linear_high","personal_desirability",78
8,"exp_rise_convex","personal_desirability",68
8,"exp_fall_convex","personal_desirability",23
8,"exp_rise_concave","personal_desirability",82
8,"exp_fall_concave","personal_desirability",49
8,"sin_fr_full","personal_desirability",44
8,"sin_fr_partial","personal_desirability",30
8,"sin_rf_full","personal_desirability",37
8,"sin_rf_partial","personal_desirability",13
8,"sin_rfr_full","personal_desirability",52
8,"sin_rfr_partial","personal_desirability",45
8,"sin_frf_full","personal_desirability",34
8,"sin_frf_partial","personal_desirability",43
8,"sin_frfr","personal_desirability",44
8,"sin_rfrf","personal_desirability",38
8,"logistic_rise","personal_desirability",32
8,"logistic_fall","personal_desirability",10
8,"positive_change_full","personal_desirability",4
8,"positive_change_partial","personal_desirability",40
8,"negative_change_full","personal_desirability",43
8,"negative_change_partial","personal_desirability",69
8,"linear_rise_sharp_fall","personal_desirability",0
8,"linear_rise_sharp_fall_exp_rise","personal_desirability",87
9,"linear_rise","personal_desirability",65
9,"linear_fall","personal_desirability",63
9,"linear_low","personal_desirability",3
9,"linear_middle","personal_desirability",82
9,"linear_high","personal_desirability",100
9,"exp_rise_convex","personal_desirability",100
9,"exp_fall_convex","personal_desirability",23
9,"exp_rise_concave","personal_desirability",96
9,"exp_fall_concave","personal_desirability",83
9,"sin_fr_full","personal_desirability",57
9,"sin_fr_partial","personal_desirability",43
9,"sin_rf_full","personal_desirability",78
9,"sin_rf_partial","personal_desirability",84
9,"sin_rfr_full","personal_desirability",40
9,"sin_rfr_partial","personal_desirability",48
9,"sin_frf_full","personal_desirability",56
9,"sin_frf_partial","personal_desirability",82
9,"sin_frfr","personal_desirability",60
9,"sin_rfrf","personal_desirability",63
9,"logistic_rise","personal_desirability",75
9,"logistic_fall","personal_desirability",73
9,"positive_change_full","personal_desirability",55
9,"positive_change_partial","personal_desirability",79
9,"negative_change_full","personal_desirability",69
9,"negative_change_partial","personal_desirability",86
9,"linear_rise_sharp_fall","personal_desirability",41
9,"linear_rise_sharp_fall_exp_rise","personal_desirability",59
10,"linear_rise","personal_desirability",58
10,"linear_fall","personal_desirability",10
10,"linear_low","personal_desirability",0
10,"linear_middle","personal_desirability",15
10,"linear_high","personal_desirability",73
10,"exp_rise_convex","personal_desirability",9
10,"exp_fall_convex","personal_desirability",0
10,"exp_rise_concave","personal_desirability",89
10,"exp_fall_concave","personal_desirability",4
10,"sin_fr_full","personal_desirability",38
10,"sin_fr_partial","personal_desirability",55
10,"sin_rf_full","personal_desirability",16
10,"sin_rf_partial","personal_desirability",8
10,"sin_rfr_full","personal_desirability",6
10,"sin_rfr_partial","personal_desirability",13
10,"sin_frf_full","personal_desirability",10
10,"sin_frf_partial","personal_desirability",7
10,"sin_frfr","personal_desirability",8
10,"sin_rfrf","personal_desirability",19
10,"logistic_rise","personal_desirability",9
10,"logistic_fall","personal_desirability",0
10,"positive_change_full","personal_desirability",31
10,"positive_change_partial","personal_desirability",6
10,"negative_change_full","personal_desirability",19
10,"negative_change_partial","personal_desirability",20
10,"linear_rise_sharp_fall","personal_desirability",0
10,"linear_rise_sharp_fall_exp_rise","personal_desirability",8
11,"linear_rise","personal_desirability",98
11,"linear_fall","personal_desirability",0
11,"linear_low","personal_desirability",0
11,"linear_middle","personal_desirability",0
11,"linear_high","personal_desirability",48
11,"exp_rise_convex","personal_desirability",4
11,"exp_fall_convex","personal_desirability",51
11,"exp_rise_concave","personal_desirability",50
11,"exp_fall_concave","personal_desirability",12
11,"sin_fr_full","personal_desirability",0
11,"sin_fr_partial","personal_desirability",49
11,"sin_rf_full","personal_desirability",27
11,"sin_rf_partial","personal_desirability",14
11,"sin_rfr_full","personal_desirability",72
11,"sin_rfr_partial","personal_desirability",1
11,"sin_frf_full","personal_desirability",94
11,"sin_frf_partial","personal_desirability",51
11,"sin_frfr","personal_desirability",54
11,"sin_rfrf","personal_desirability",23
11,"logistic_rise","personal_desirability",33
11,"logistic_fall","personal_desirability",4
11,"positive_change_full","personal_desirability",34
11,"positive_change_partial","personal_desirability",2
11,"negative_change_full","personal_desirability",28
11,"negative_change_partial","personal_desirability",24
11,"linear_rise_sharp_fall","personal_desirability",0
11,"linear_rise_sharp_fall_exp_rise","personal_desirability",35
12,"linear_rise","personal_desirability",20
12,"linear_fall","personal_desirability",10
12,"linear_low","personal_desirability",40
12,"linear_middle","personal_desirability",4
12,"linear_high","personal_desirability",70
12,"exp_rise_convex","personal_desirability",60
12,"exp_fall_convex","personal_desirability",30
12,"exp_rise_concave","personal_desirability",25
12,"exp_fall_concave","personal_desirability",50
12,"sin_fr_full","personal_desirability",0
12,"sin_fr_partial","personal_desirability",5
12,"sin_rf_full","personal_desirability",50
12,"sin_rf_partial","personal_desirability",10
12,"sin_rfr_full","personal_desirability",3
12,"sin_rfr_partial","personal_desirability",0
12,"sin_frf_full","personal_desirability",0
12,"sin_frf_partial","personal_desirability",9
12,"sin_frfr","personal_desirability",0
12,"sin_rfrf","personal_desirability",10
12,"logistic_rise","personal_desirability",9
12,"logistic_fall","personal_desirability",0
12,"positive_change_full","personal_desirability",15
12,"positive_change_partial","personal_desirability",3
12,"negative_change_full","personal_desirability",20
12,"negative_change_partial","personal_desirability",15
12,"linear_rise_sharp_fall","personal_desirability",35
12,"linear_rise_sharp_fall_exp_rise","personal_desirability",2
13,"linear_rise","personal_desirability",88
13,"linear_fall","personal_desirability",0
13,"linear_low","personal_desirability",0
13,"linear_middle","personal_desirability",1
13,"linear_high","personal_desirability",70
13,"exp_rise_convex","personal_desirability",72
13,"exp_fall_convex","personal_desirability",0
13,"exp_rise_concave","personal_desirability",94
13,"exp_fall_concave","personal_desirability",23
13,"sin_fr_full","personal_desirability",87
13,"sin_fr_partial","personal_desirability",82
13,"sin_rf_full","personal_desirability",26
13,"sin_rf_partial","personal_desirability",24
13,"sin_rfr_full","personal_desirability",73
13,"sin_rfr_partial","personal_desirability",67
13,"sin_frf_full","personal_desirability",61
13,"sin_frf_partial","personal_desirability",32
13,"sin_frfr","personal_desirability",94
13,"sin_rfrf","personal_desirability",76
13,"logistic_rise","personal_desirability",70
13,"logistic_fall","personal_desirability",0
13,"positive_change_full","personal_desirability",49
13,"positive_change_partial","personal_desirability",58
13,"negative_change_full","personal_desirability",8
13,"negative_change_partial","personal_desirability",24
13,"linear_rise_sharp_fall","personal_desirability",3
13,"linear_rise_sharp_fall_exp_rise","personal_desirability",73
14,"linear_rise","personal_desirability",80
14,"linear_fall","personal_desirability",0
14,"linear_low","personal_desirability",0
14,"linear_middle","personal_desirability",30
14,"linear_high","personal_desirability",100
14,"exp_rise_convex","personal_desirability",95
14,"exp_fall_convex","personal_desirability",0
14,"exp_rise_concave","personal_desirability",95
14,"exp_fall_concave","personal_desirability",0
14,"sin_fr_full","personal_desirability",75
14,"sin_fr_partial","personal_desirability",75
14,"sin_rf_full","personal_desirability",0
14,"sin_rf_partial","personal_desirability",0
14,"sin_rfr_full","personal_desirability",20
14,"sin_rfr_partial","personal_desirability",75
14,"sin_frf_full","personal_desirability",0
14,"sin_frf_partial","personal_desirability",0
14,"sin_frfr","personal_desirability",20
14,"sin_rfrf","personal_desirability",0
14,"logistic_rise","personal_desirability",90
14,"logistic_fall","personal_desirability",0
14,"positive_change_full","personal_desirability",20
14,"positive_change_partial","personal_desirability",10
14,"negative_change_full","personal_desirability",30
14,"negative_change_partial","personal_desirability",40
14,"linear_rise_sharp_fall","personal_desirability",0
14,"linear_rise_sharp_fall_exp_rise","personal_desirability",70
15,"linear_rise","personal_desirability",52
15,"linear_fall","personal_desirability",0
15,"linear_low","personal_desirability",0
15,"linear_middle","personal_desirability",45
15,"linear_high","personal_desirability",100
15,"exp_rise_convex","personal_desirability",24
15,"exp_fall_convex","personal_desirability",3
15,"exp_rise_concave","personal_desirability",67
15,"exp_fall_concave","personal_desirability",4
15,"sin_fr_full","personal_desirability",20
15,"sin_fr_partial","personal_desirability",41
15,"sin_rf_full","personal_desirability",4
15,"sin_rf_partial","personal_desirability",2
15,"sin_rfr_full","personal_desirability",16
15,"sin_rfr_partial","personal_desirability",20
15,"sin_frf_full","personal_desirability",9
15,"sin_frf_partial","personal_desirability",0
15,"sin_frfr","personal_desirability",11
15,"sin_rfrf","personal_desirability",8
15,"logistic_rise","personal_desirability",30
15,"logistic_fall","personal_desirability",3
15,"positive_change_full","personal_desirability",7
15,"positive_change_partial","personal_desirability",8
15,"negative_change_full","personal_desirability",4
15,"negative_change_partial","personal_desirability",22
15,"linear_rise_sharp_fall","personal_desirability",3
15,"linear_rise_sharp_fall_exp_rise","personal_desirability",29
16,"linear_rise","personal_desirability",100
16,"linear_fall","personal_desirability",0
16,"linear_low","personal_desirability",0
16,"linear_middle","personal_desirability",10
16,"linear_high","personal_desirability",100
16,"exp_rise_convex","personal_desirability",20
16,"exp_fall_convex","personal_desirability",0
16,"exp_rise_concave","personal_desirability",60
16,"exp_fall_concave","personal_desirability",0
16,"sin_fr_full","personal_desirability",20
16,"sin_fr_partial","personal_desirability",70
16,"sin_rf_full","personal_desirability",40
16,"sin_rf_partial","personal_desirability",0
16,"sin_rfr_full","personal_desirability",30
16,"sin_rfr_partial","personal_desirability",30
16,"sin_frf_full","personal_desirability",0
16,"sin_frf_partial","personal_desirability",10
16,"sin_frfr","personal_desirability",10
16,"sin_rfrf","personal_desirability",0
16,"logistic_rise","personal_desirability",40
16,"logistic_fall","personal_desirability",0
16,"positive_change_full","personal_desirability",0
16,"positive_change_partial","personal_desirability",0
16,"negative_change_full","personal_desirability",29
16,"negative_change_partial","personal_desirability",30
16,"linear_rise_sharp_fall","personal_desirability",0
16,"linear_rise_sharp_fall_exp_rise","personal_desirability",70
17,"linear_rise","personal_desirability",52
17,"linear_fall","personal_desirability",59
17,"linear_low","personal_desirability",42
17,"linear_middle","personal_desirability",54
17,"linear_high","personal_desirability",95
17,"exp_rise_convex","personal_desirability",83
17,"exp_fall_convex","personal_desirability",62
17,"exp_rise_concave","personal_desirability",70
17,"exp_fall_concave","personal_desirability",42
17,"sin_fr_full","personal_desirability",53
17,"sin_fr_partial","personal_desirability",60
17,"sin_rf_full","personal_desirability",55
17,"sin_rf_partial","personal_desirability",34
17,"sin_rfr_full","personal_desirability",75
17,"sin_rfr_partial","personal_desirability",65
17,"sin_frf_full","personal_desirability",47
17,"sin_frf_partial","personal_desirability",63
17,"sin_frfr","personal_desirability",75
17,"sin_rfrf","personal_desirability",46
17,"logistic_rise","personal_desirability",49
17,"logistic_fall","personal_desirability",54
17,"positive_change_full","personal_desirability",78
17,"positive_change_partial","personal_desirability",72
17,"negative_change_full","personal_desirability",56
17,"negative_change_partial","personal_desirability",52
17,"linear_rise_sharp_fall","personal_desirability",47
17,"linear_rise_sharp_fall_exp_rise","personal_desirability",57
18,"linear_rise","personal_desirability",100
18,"linear_fall","personal_desirability",0
18,"linear_low","personal_desirability",0
18,"linear_middle","personal_desirability",65
18,"linear_high","personal_desirability",53
18,"exp_rise_convex","personal_desirability",100
18,"exp_fall_convex","personal_desirability",0
18,"exp_rise_concave","personal_desirability",100
18,"exp_fall_concave","personal_desirability",0
18,"sin_fr_full","personal_desirability",30
18,"sin_fr_partial","personal_desirability",100
18,"sin_rf_full","personal_desirability",4
18,"sin_rf_partial","personal_desirability",0
18,"sin_rfr_full","personal_desirability",57
18,"sin_rfr_partial","personal_desirability",57
18,"sin_frf_full","personal_desirability",6
18,"sin_frf_partial","personal_desirability",0
18,"sin_frfr","personal_desirability",61
18,"sin_rfrf","personal_desirability",3
18,"logistic_rise","personal_desirability",100
18,"logistic_fall","personal_desirability",0
18,"positive_change_full","personal_desirability",0
18,"positive_change_partial","personal_desirability",0
18,"negative_change_full","personal_desirability",19
18,"negative_change_partial","personal_desirability",0
18,"linear_rise_sharp_fall","personal_desirability",0
18,"linear_rise_sharp_fall_exp_rise","personal_desirability",80
19,"linear_rise","personal_desirability",69
19,"linear_fall","personal_desirability",6
19,"linear_low","personal_desirability",0
19,"linear_middle","personal_desirability",51
19,"linear_high","personal_desirability",100
19,"exp_rise_convex","personal_desirability",54
19,"exp_fall_convex","personal_desirability",75
19,"exp_rise_concave","personal_desirability",85
19,"exp_fall_concave","personal_desirability",15
19,"sin_fr_full","personal_desirability",21
19,"sin_fr_partial","personal_desirability",49
19,"sin_rf_full","personal_desirability",79
19,"sin_rf_partial","personal_desirability",23
19,"sin_rfr_full","personal_desirability",34
19,"sin_rfr_partial","personal_desirability",41
19,"sin_frf_full","personal_desirability",9
19,"sin_frf_partial","personal_desirability",35
19,"sin_frfr","personal_desirability",28
19,"sin_rfrf","personal_desirability",24
19,"logistic_rise","personal_desirability",63
19,"logistic_fall","personal_desirability",48
19,"positive_change_full","personal_desirability",31
19,"positive_change_partial","personal_desirability",18
19,"negative_change_full","personal_desirability",91
19,"negative_change_partial","personal_desirability",72
19,"linear_rise_sharp_fall","personal_desirability",31
19,"linear_rise_sharp_fall_exp_rise","personal_desirability",38
20,"linear_rise","personal_desirability",62
20,"linear_fall","personal_desirability",14
20,"linear_low","personal_desirability",9
20,"linear_middle","personal_desirability",70
20,"linear_high","personal_desirability",94
20,"exp_rise_convex","personal_desirability",69
20,"exp_fall_convex","personal_desirability",27
20,"exp_rise_concave","personal_desirability",91
20,"exp_fall_concave","personal_desirability",33
20,"sin_fr_full","personal_desirability",0
20,"sin_fr_partial","personal_desirability",31
20,"sin_rf_full","personal_desirability",63
20,"sin_rf_partial","personal_desirability",23
20,"sin_rfr_full","personal_desirability",33
20,"sin_rfr_partial","personal_desirability",31
20,"sin_frf_full","personal_desirability",21
20,"sin_frf_partial","personal_desirability",42
20,"sin_frfr","personal_desirability",33
20,"sin_rfrf","personal_desirability",24
20,"logistic_rise","personal_desirability",57
20,"logistic_fall","personal_desirability",36
20,"positive_change_full","personal_desirability",24
20,"positive_change_partial","personal_desirability",22
20,"negative_change_full","personal_desirability",25
20,"negative_change_partial","personal_desirability",59
20,"linear_rise_sharp_fall","personal_desirability",33
20,"linear_rise_sharp_fall_exp_rise","personal_desirability",29
21,"linear_rise","personal_desirability",82
21,"linear_fall","personal_desirability",85
21,"linear_low","personal_desirability",84
21,"linear_middle","personal_desirability",65
21,"linear_high","personal_desirability",100
21,"exp_rise_convex","personal_desirability",72
21,"exp_fall_convex","personal_desirability",80
21,"exp_rise_concave","personal_desirability",84
21,"exp_fall_concave","personal_desirability",78
21,"sin_fr_full","personal_desirability",86
21,"sin_fr_partial","personal_desirability",83
21,"sin_rf_full","personal_desirability",83
21,"sin_rf_partial","personal_desirability",79
21,"sin_rfr_full","personal_desirability",91
21,"sin_rfr_partial","personal_desirability",84
21,"sin_frf_full","personal_desirability",86
21,"sin_frf_partial","personal_desirability",85
21,"sin_frfr","personal_desirability",74
21,"sin_rfrf","personal_desirability",81
21,"logistic_rise","personal_desirability",93
21,"logistic_fall","personal_desirability",87
21,"positive_change_full","personal_desirability",78
21,"positive_change_partial","personal_desirability",82
21,"negative_change_full","personal_desirability",92
21,"negative_change_partial","personal_desirability",89
21,"linear_rise_sharp_fall","personal_desirability",55
21,"linear_rise_sharp_fall_exp_rise","personal_desirability",92
22,"linear_rise","personal_desirability",71
22,"linear_fall","personal_desirability",0
22,"linear_low","personal_desirability",0
22,"linear_middle","personal_desirability",25
22,"linear_high","personal_desirability",100
22,"exp_rise_convex","personal_desirability",6
22,"exp_fall_convex","personal_desirability",0
22,"exp_rise_concave","personal_desirability",98
22,"exp_fall_concave","personal_desirability",44
22,"sin_fr_full","personal_desirability",4
22,"sin_fr_partial","personal_desirability",43
22,"sin_rf_full","personal_desirability",22
22,"sin_rf_partial","personal_desirability",3
22,"sin_rfr_full","personal_desirability",1
22,"sin_rfr_partial","personal_desirability",13
22,"sin_frf_full","personal_desirability",15
22,"sin_frf_partial","personal_desirability",4
22,"sin_frfr","personal_desirability",12
22,"sin_rfrf","personal_desirability",7
22,"logistic_rise","personal_desirability",2
22,"logistic_fall","personal_desirability",6
22,"positive_change_full","personal_desirability",1
22,"positive_change_partial","personal_desirability",1
22,"negative_change_full","personal_desirability",25
22,"negative_change_partial","personal_desirability",26
22,"linear_rise_sharp_fall","personal_desirability",1
22,"linear_rise_sharp_fall_exp_rise","personal_desirability",36
23,"linear_rise","personal_desirability",51
23,"linear_fall","personal_desirability",61
23,"linear_low","personal_desirability",98
23,"linear_middle","personal_desirability",100
23,"linear_high","personal_desirability",0
23,"exp_rise_convex","personal_desirability",37
23,"exp_fall_convex","personal_desirability",83
23,"exp_rise_concave","personal_desirability",50
23,"exp_fall_concave","personal_desirability",41
23,"sin_fr_full","personal_desirability",20
23,"sin_fr_partial","personal_desirability",52
23,"sin_rf_full","personal_desirability",4
23,"sin_rf_partial","personal_desirability",8
23,"sin_rfr_full","personal_desirability",38
23,"sin_rfr_partial","personal_desirability",28
23,"sin_frf_full","personal_desirability",1
23,"sin_frf_partial","personal_desirability",31
23,"sin_frfr","personal_desirability",7
23,"sin_rfrf","personal_desirability",6
23,"logistic_rise","personal_desirability",19
23,"logistic_fall","personal_desirability",7
23,"positive_change_full","personal_desirability",41
23,"positive_change_partial","personal_desirability",19
23,"negative_change_full","personal_desirability",10
23,"negative_change_partial","personal_desirability",32
23,"linear_rise_sharp_fall","personal_desirability",10
23,"linear_rise_sharp_fall_exp_rise","personal_desirability",10
24,"linear_rise","personal_desirability",100
24,"linear_fall","personal_desirability",19
24,"linear_low","personal_desirability",0
24,"linear_middle","personal_desirability",91
24,"linear_high","personal_desirability",100
24,"exp_rise_convex","personal_desirability",9
24,"exp_fall_convex","personal_desirability",11
24,"exp_rise_concave","personal_desirability",7
24,"exp_fall_concave","personal_desirability",10
24,"sin_fr_full","personal_desirability",39
24,"sin_fr_partial","personal_desirability",37
24,"sin_rf_full","personal_desirability",29
24,"sin_rf_partial","personal_desirability",38
24,"sin_rfr_full","personal_desirability",30
24,"sin_rfr_partial","personal_desirability",39
24,"sin_frf_full","personal_desirability",41
24,"sin_frf_partial","personal_desirability",60
24,"sin_frfr","personal_desirability",51
24,"sin_rfrf","personal_desirability",45
24,"logistic_rise","personal_desirability",58
24,"logistic_fall","personal_desirability",5
24,"positive_change_full","personal_desirability",19
24,"positive_change_partial","personal_desirability",10
24,"negative_change_full","personal_desirability",8
24,"negative_change_partial","personal_desirability",36
24,"linear_rise_sharp_fall","personal_desirability",0
24,"linear_rise_sharp_fall_exp_rise","personal_desirability",10
25,"linear_rise","personal_desirability",15
25,"linear_fall","personal_desirability",7
25,"linear_low","personal_desirability",1
25,"linear_middle","personal_desirability",50
25,"linear_high","personal_desirability",100
25,"exp_rise_convex","personal_desirability",5
25,"exp_fall_convex","personal_desirability",5
25,"exp_rise_concave","personal_desirability",70
25,"exp_fall_concave","personal_desirability",25
25,"sin_fr_full","personal_desirability",5
25,"sin_fr_partial","personal_desirability",7
25,"sin_rf_full","personal_desirability",10
25,"sin_rf_partial","personal_desirability",20
25,"sin_rfr_full","personal_desirability",20
25,"sin_rfr_partial","personal_desirability",20
25,"sin_frf_full","personal_desirability",12
25,"sin_frf_partial","personal_desirability",20
25,"sin_frfr","personal_desirability",10
25,"sin_rfrf","personal_desirability",20
25,"logistic_rise","personal_desirability",30
25,"logistic_fall","personal_desirability",5
25,"positive_change_full","personal_desirability",5
25,"positive_change_partial","personal_desirability",10
25,"negative_change_full","personal_desirability",10
25,"negative_change_partial","personal_desirability",45
25,"linear_rise_sharp_fall","personal_desirability",5
25,"linear_rise_sharp_fall_exp_rise","personal_desirability",5
26,"linear_rise","personal_desirability",49
26,"linear_fall","personal_desirability",39
26,"linear_low","personal_desirability",50
26,"linear_middle","personal_desirability",50
26,"linear_high","personal_desirability",51
26,"exp_rise_convex","personal_desirability",61
26,"exp_fall_convex","personal_desirability",61
26,"exp_rise_concave","personal_desirability",60
26,"exp_fall_concave","personal_desirability",50
26,"sin_fr_full","personal_desirability",61
26,"sin_fr_partial","personal_desirability",51
26,"sin_rf_full","personal_desirability",53
26,"sin_rf_partial","personal_desirability",61
26,"sin_rfr_full","personal_desirability",61
26,"sin_rfr_partial","personal_desirability",59
26,"sin_frf_full","personal_desirability",61
26,"sin_frf_partial","personal_desirability",31
26,"sin_frfr","personal_desirability",42
26,"sin_rfrf","personal_desirability",55
26,"logistic_rise","personal_desirability",51
26,"logistic_fall","personal_desirability",61
26,"positive_change_full","personal_desirability",51
26,"positive_change_partial","personal_desirability",50
26,"negative_change_full","personal_desirability",51
26,"negative_change_partial","personal_desirability",60
26,"linear_rise_sharp_fall","personal_desirability",49
26,"linear_rise_sharp_fall_exp_rise","personal_desirability",51
27,"linear_rise","personal_desirability",83
27,"linear_fall","personal_desirability",22
27,"linear_low","personal_desirability",1
27,"linear_middle","personal_desirability",49
27,"linear_high","personal_desirability",99
27,"exp_rise_convex","personal_desirability",46
27,"exp_fall_convex","personal_desirability",0
27,"exp_rise_concave","personal_desirability",100
27,"exp_fall_concave","personal_desirability",86
27,"sin_fr_full","personal_desirability",35
27,"sin_fr_partial","personal_desirability",74
27,"sin_rf_full","personal_desirability",62
27,"sin_rf_partial","personal_desirability",39
27,"sin_rfr_full","personal_desirability",60
27,"sin_rfr_partial","personal_desirability",45
27,"sin_frf_full","personal_desirability",60
27,"sin_frf_partial","personal_desirability",72
27,"sin_frfr","personal_desirability",31
27,"sin_rfrf","personal_desirability",32
27,"logistic_rise","personal_desirability",76
27,"logistic_fall","personal_desirability",37
27,"positive_change_full","personal_desirability",37
27,"positive_change_partial","personal_desirability",28
27,"negative_change_full","personal_desirability",62
27,"negative_change_partial","personal_desirability",82
27,"linear_rise_sharp_fall","personal_desirability",1
27,"linear_rise_sharp_fall_exp_rise","personal_desirability",52
28,"linear_rise","personal_desirability",55
28,"linear_fall","personal_desirability",80
28,"linear_low","personal_desirability",0
28,"linear_middle","personal_desirability",56
28,"linear_high","personal_desirability",88
28,"exp_rise_convex","personal_desirability",11
28,"exp_fall_convex","personal_desirability",67
28,"exp_rise_concave","personal_desirability",79
28,"exp_fall_concave","personal_desirability",88
28,"sin_fr_full","personal_desirability",69
28,"sin_fr_partial","personal_desirability",69
28,"sin_rf_full","personal_desirability",71
28,"sin_rf_partial","personal_desirability",62
28,"sin_rfr_full","personal_desirability",77
28,"sin_rfr_partial","personal_desirability",74
28,"sin_frf_full","personal_desirability",73
28,"sin_frf_partial","personal_desirability",88
28,"sin_frfr","personal_desirability",52
28,"sin_rfrf","personal_desirability",61
28,"logistic_rise","personal_desirability",34
28,"logistic_fall","personal_desirability",46
28,"positive_change_full","personal_desirability",64
28,"positive_change_partial","personal_desirability",71
28,"negative_change_full","personal_desirability",31
28,"negative_change_partial","personal_desirability",76
28,"linear_rise_sharp_fall","personal_desirability",22
28,"linear_rise_sharp_fall_exp_rise","personal_desirability",64
29,"linear_rise","personal_desirability",25
29,"linear_fall","personal_desirability",25
29,"linear_low","personal_desirability",6
29,"linear_middle","personal_desirability",16
29,"linear_high","personal_desirability",9
29,"exp_rise_convex","personal_desirability",21
29,"exp_fall_convex","personal_desirability",45
29,"exp_rise_concave","personal_desirability",34
29,"exp_fall_concave","personal_desirability",57
29,"sin_fr_full","personal_desirability",35
29,"sin_fr_partial","personal_desirability",48
29,"sin_rf_full","personal_desirability",73
29,"sin_rf_partial","personal_desirability",19
29,"sin_rfr_full","personal_desirability",96
29,"sin_rfr_partial","personal_desirability",64
29,"sin_frf_full","personal_desirability",63
29,"sin_frf_partial","personal_desirability",38
29,"sin_frfr","personal_desirability",79
29,"sin_rfrf","personal_desirability",45
29,"logistic_rise","personal_desirability",18
29,"logistic_fall","personal_desirability",29
29,"positive_change_full","personal_desirability",51
29,"positive_change_partial","personal_desirability",38
29,"negative_change_full","personal_desirability",44
29,"negative_change_partial","personal_desirability",64
29,"linear_rise_sharp_fall","personal_desirability",37
29,"linear_rise_sharp_fall_exp_rise","personal_desirability",24
30,"linear_rise","personal_desirability",89
30,"linear_fall","personal_desirability",94
30,"linear_low","personal_desirability",85
30,"linear_middle","personal_desirability",88
30,"linear_high","personal_desirability",93
30,"exp_rise_convex","personal_desirability",88
30,"exp_fall_convex","personal_desirability",83
30,"exp_rise_concave","personal_desirability",90
30,"exp_fall_concave","personal_desirability",93
30,"sin_fr_full","personal_desirability",96
30,"sin_fr_partial","personal_desirability",93
30,"sin_rf_full","personal_desirability",93
30,"sin_rf_partial","personal_desirability",90
30,"sin_rfr_full","personal_desirability",96
30,"sin_rfr_partial","personal_desirability",87
30,"sin_frf_full","personal_desirability",84
30,"sin_frf_partial","personal_desirability",88
30,"sin_frfr","personal_desirability",87
30,"sin_rfrf","personal_desirability",88
30,"logistic_rise","personal_desirability",88
30,"logistic_fall","personal_desirability",89
30,"positive_change_full","personal_desirability",95
30,"positive_change_partial","personal_desirability",86
30,"negative_change_full","personal_desirability",87
30,"negative_change_partial","personal_desirability",93
30,"linear_rise_sharp_fall","personal_desirability",90
30,"linear_rise_sharp_fall_exp_rise","personal_desirability",90
31,"linear_rise","personal_desirability",74
31,"linear_fall","personal_desirability",68
31,"linear_low","personal_desirability",19
31,"linear_middle","personal_desirability",56
31,"linear_high","personal_desirability",80
31,"exp_rise_convex","personal_desirability",69
31,"exp_fall_convex","personal_desirability",71
31,"exp_rise_concave","personal_desirability",72
31,"exp_fall_concave","personal_desirability",81
31,"sin_fr_full","personal_desirability",64
31,"sin_fr_partial","personal_desirability",53
31,"sin_rf_full","personal_desirability",62
31,"sin_rf_partial","personal_desirability",67
31,"sin_rfr_full","personal_desirability",72
31,"sin_rfr_partial","personal_desirability",57
31,"sin_frf_full","personal_desirability",61
31,"sin_frf_partial","personal_desirability",55
31,"sin_frfr","personal_desirability",58
31,"sin_rfrf","personal_desirability",57
31,"logistic_rise","personal_desirability",63
31,"logistic_fall","personal_desirability",48
31,"positive_change_full","personal_desirability",65
31,"positive_change_partial","personal_desirability",55
31,"negative_change_full","personal_desirability",50
31,"negative_change_partial","personal_desirability",75
31,"linear_rise_sharp_fall","personal_desirability",60
31,"linear_rise_sharp_fall_exp_rise","personal_desirability",60
32,"linear_rise","personal_desirability",60
32,"linear_fall","personal_desirability",0
32,"linear_low","personal_desirability",0
32,"linear_middle","personal_desirability",40
32,"linear_high","personal_desirability",100
32,"exp_rise_convex","personal_desirability",80
32,"exp_fall_convex","personal_desirability",5
32,"exp_rise_concave","personal_desirability",90
32,"exp_fall_concave","personal_desirability",20
32,"sin_fr_full","personal_desirability",50
32,"sin_fr_partial","personal_desirability",50
32,"sin_rf_full","personal_desirability",0
32,"sin_rf_partial","personal_desirability",10
32,"sin_rfr_full","personal_desirability",45
32,"sin_rfr_partial","personal_desirability",30
32,"sin_frf_full","personal_desirability",10
32,"sin_frf_partial","personal_desirability",10
32,"sin_frfr","personal_desirability",60
32,"sin_rfrf","personal_desirability",10
32,"logistic_rise","personal_desirability",90
32,"logistic_fall","personal_desirability",0
32,"positive_change_full","personal_desirability",0
32,"positive_change_partial","personal_desirability",30
32,"negative_change_full","personal_desirability",0
32,"negative_change_partial","personal_desirability",45
32,"linear_rise_sharp_fall","personal_desirability",10
32,"linear_rise_sharp_fall_exp_rise","personal_desirability",30
33,"linear_rise","personal_desirability",82
33,"linear_fall","personal_desirability",81
33,"linear_low","personal_desirability",100
33,"linear_middle","personal_desirability",88
33,"linear_high","personal_desirability",85
33,"exp_rise_convex","personal_desirability",75
33,"exp_fall_convex","personal_desirability",79
33,"exp_rise_concave","personal_desirability",74
33,"exp_fall_concave","personal_desirability",79
33,"sin_fr_full","personal_desirability",84
33,"sin_fr_partial","personal_desirability",72
33,"sin_rf_full","personal_desirability",81
33,"sin_rf_partial","personal_desirability",85
33,"sin_rfr_full","personal_desirability",83
33,"sin_rfr_partial","personal_desirability",80
33,"sin_frf_full","personal_desirability",81
33,"sin_frf_partial","personal_desirability",83
33,"sin_frfr","personal_desirability",75
33,"sin_rfrf","personal_desirability",84
33,"logistic_rise","personal_desirability",82
33,"logistic_fall","personal_desirability",84
33,"positive_change_full","personal_desirability",83
33,"positive_change_partial","personal_desirability",82
33,"negative_change_full","personal_desirability",77
33,"negative_change_partial","personal_desirability",75
33,"linear_rise_sharp_fall","personal_desirability",82
33,"linear_rise_sharp_fall_exp_rise","personal_desirability",82
34,"linear_rise","personal_desirability",36
34,"linear_fall","personal_desirability",12
34,"linear_low","personal_desirability",0
34,"linear_middle","personal_desirability",32
34,"linear_high","personal_desirability",100
34,"exp_rise_convex","personal_desirability",76
34,"exp_fall_convex","personal_desirability",24
34,"exp_rise_concave","personal_desirability",67
34,"exp_fall_concave","personal_desirability",64
34,"sin_fr_full","personal_desirability",88
34,"sin_fr_partial","personal_desirability",70
34,"sin_rf_full","personal_desirability",27
34,"sin_rf_partial","personal_desirability",16
34,"sin_rfr_full","personal_desirability",20
34,"sin_rfr_partial","personal_desirability",25
34,"sin_frf_full","personal_desirability",37
34,"sin_frf_partial","personal_desirability",67
34,"sin_frfr","personal_desirability",63
34,"sin_rfrf","personal_desirability",36
34,"logistic_rise","personal_desirability",66
34,"logistic_fall","personal_desirability",12
34,"positive_change_full","personal_desirability",69
34,"positive_change_partial","personal_desirability",28
34,"negative_change_full","personal_desirability",76
34,"negative_change_partial","personal_desirability",73
34,"linear_rise_sharp_fall","personal_desirability",17
34,"linear_rise_sharp_fall_exp_rise","personal_desirability",83
35,"linear_rise","personal_desirability",35
35,"linear_fall","personal_desirability",2
35,"linear_low","personal_desirability",1
35,"linear_middle","personal_desirability",68
35,"linear_high","personal_desirability",99
35,"exp_rise_convex","personal_desirability",50
35,"exp_fall_convex","personal_desirability",69
35,"exp_rise_concave","personal_desirability",40
35,"exp_fall_concave","personal_desirability",59
35,"sin_fr_full","personal_desirability",64
35,"sin_fr_partial","personal_desirability",82
35,"sin_rf_full","personal_desirability",91
35,"sin_rf_partial","personal_desirability",95
35,"sin_rfr_full","personal_desirability",45
35,"sin_rfr_partial","personal_desirability",42
35,"sin_frf_full","personal_desirability",94
35,"sin_frf_partial","personal_desirability",76
35,"sin_frfr","personal_desirability",81
35,"sin_rfrf","personal_desirability",92
35,"logistic_rise","personal_desirability",7
35,"logistic_fall","personal_desirability",25
35,"positive_change_full","personal_desirability",21
35,"positive_change_partial","personal_desirability",31
35,"negative_change_full","personal_desirability",82
35,"negative_change_partial","personal_desirability",50
35,"linear_rise_sharp_fall","personal_desirability",65
35,"linear_rise_sharp_fall_exp_rise","personal_desirability",5
36,"linear_rise","personal_desirability",85
36,"linear_fall","personal_desirability",1
36,"linear_low","personal_desirability",0
36,"linear_middle","personal_desirability",10
36,"linear_high","personal_desirability",5
36,"exp_rise_convex","personal_desirability",85
36,"exp_fall_convex","personal_desirability",5
36,"exp_rise_concave","personal_desirability",60
36,"exp_fall_concave","personal_desirability",5
36,"sin_fr_full","personal_desirability",75
36,"sin_fr_partial","personal_desirability",85
36,"sin_rf_full","personal_desirability",5
36,"sin_rf_partial","personal_desirability",5
36,"sin_rfr_full","personal_desirability",80
36,"sin_rfr_partial","personal_desirability",60
36,"sin_frf_full","personal_desirability",5
36,"sin_frf_partial","personal_desirability",5
36,"sin_frfr","personal_desirability",5
36,"sin_rfrf","personal_desirability",35
36,"logistic_rise","personal_desirability",60
36,"logistic_fall","personal_desirability",1
36,"positive_change_full","personal_desirability",5
36,"positive_change_partial","personal_desirability",10
36,"negative_change_full","personal_desirability",10
36,"negative_change_partial","personal_desirability",40
36,"linear_rise_sharp_fall","personal_desirability",6
36,"linear_rise_sharp_fall_exp_rise","personal_desirability",65
37,"linear_rise","personal_desirability",84
37,"linear_fall","personal_desirability",37
37,"linear_low","personal_desirability",77
37,"linear_middle","personal_desirability",26
37,"linear_high","personal_desirability",92
37,"exp_rise_convex","personal_desirability",88
37,"exp_fall_convex","personal_desirability",45
37,"exp_rise_concave","personal_desirability",89
37,"exp_fall_concave","personal_desirability",56
37,"sin_fr_full","personal_desirability",50
37,"sin_fr_partial","personal_desirability",76
37,"sin_rf_full","personal_desirability",84
37,"sin_rf_partial","personal_desirability",49
37,"sin_rfr_full","personal_desirability",66
37,"sin_rfr_partial","personal_desirability",58
37,"sin_frf_full","personal_desirability",15
37,"sin_frf_partial","personal_desirability",7
37,"sin_frfr","personal_desirability",15
37,"sin_rfrf","personal_desirability",62
37,"logistic_rise","personal_desirability",58
37,"logistic_fall","personal_desirability",28
37,"positive_change_full","personal_desirability",90
37,"positive_change_partial","personal_desirability",32
37,"negative_change_full","personal_desirability",67
37,"negative_change_partial","personal_desirability",70
37,"linear_rise_sharp_fall","personal_desirability",52
37,"linear_rise_sharp_fall_exp_rise","personal_desirability",69
38,"linear_rise","personal_desirability",100
38,"linear_fall","personal_desirability",3
38,"linear_low","personal_desirability",0
38,"linear_middle","personal_desirability",62
38,"linear_high","personal_desirability",100
38,"exp_rise_convex","personal_desirability",79
38,"exp_fall_convex","personal_desirability",12
38,"exp_rise_concave","personal_desirability",95
38,"exp_fall_concave","personal_desirability",36
38,"sin_fr_full","personal_desirability",93
38,"sin_fr_partial","personal_desirability",82
38,"sin_rf_full","personal_desirability",48
38,"sin_rf_partial","personal_desirability",25
38,"sin_rfr_full","personal_desirability",59
38,"sin_rfr_partial","personal_desirability",48
38,"sin_frf_full","personal_desirability",76
38,"sin_frf_partial","personal_desirability",50
38,"sin_frfr","personal_desirability",70
38,"sin_rfrf","personal_desirability",89
38,"logistic_rise","personal_desirability",65
38,"logistic_fall","personal_desirability",9
38,"positive_change_full","personal_desirability",26
38,"positive_change_partial","personal_desirability",42
38,"negative_change_full","personal_desirability",33
38,"negative_change_partial","personal_desirability",84
38,"linear_rise_sharp_fall","personal_desirability",14
38,"linear_rise_sharp_fall_exp_rise","personal_desirability",60
39,"linear_rise","personal_desirability",61
39,"linear_fall","personal_desirability",30
39,"linear_low","personal_desirability",28
39,"linear_middle","personal_desirability",51
39,"linear_high","personal_desirability",51
39,"exp_rise_convex","personal_desirability",61
39,"exp_fall_convex","personal_desirability",50
39,"exp_rise_concave","personal_desirability",51
39,"exp_fall_concave","personal_desirability",51
39,"sin_fr_full","personal_desirability",60
39,"sin_fr_partial","personal_desirability",71
39,"sin_rf_full","personal_desirability",50
39,"sin_rf_partial","personal_desirability",40
39,"sin_rfr_full","personal_desirability",61
39,"sin_rfr_partial","personal_desirability",51
39,"sin_frf_full","personal_desirability",71
39,"sin_frf_partial","personal_desirability",72
39,"sin_frfr","personal_desirability",49
39,"sin_rfrf","personal_desirability",41
39,"logistic_rise","personal_desirability",50
39,"logistic_fall","personal_desirability",41
39,"positive_change_full","personal_desirability",50
39,"positive_change_partial","personal_desirability",29
39,"negative_change_full","personal_desirability",42
39,"negative_change_partial","personal_desirability",62
39,"linear_rise_sharp_fall","personal_desirability",39
39,"linear_rise_sharp_fall_exp_rise","personal_desirability",50
40,"linear_rise","personal_desirability",97
40,"linear_fall","personal_desirability",100
40,"linear_low","personal_desirability",0
40,"linear_middle","personal_desirability",100
40,"linear_high","personal_desirability",100
40,"exp_rise_convex","personal_desirability",99
40,"exp_fall_convex","personal_desirability",100
40,"exp_rise_concave","personal_desirability",99
40,"exp_fall_concave","personal_desirability",49
40,"sin_fr_full","personal_desirability",100
40,"sin_fr_partial","personal_desirability",100
40,"sin_rf_full","personal_desirability",100
40,"sin_rf_partial","personal_desirability",70
40,"sin_rfr_full","personal_desirability",100
40,"sin_rfr_partial","personal_desirability",100
40,"sin_frf_full","personal_desirability",100
40,"sin_frf_partial","personal_desirability",60
40,"sin_frfr","personal_desirability",100
40,"sin_rfrf","personal_desirability",100
40,"logistic_rise","personal_desirability",100
40,"logistic_fall","personal_desirability",99
40,"positive_change_full","personal_desirability",100
40,"positive_change_partial","personal_desirability",100
40,"negative_change_full","personal_desirability",100
40,"negative_change_partial","personal_desirability",100
40,"linear_rise_sharp_fall","personal_desirability",50
40,"linear_rise_sharp_fall_exp_rise","personal_desirability",100
41,"linear_rise","personal_desirability",65
41,"linear_fall","personal_desirability",0
41,"linear_low","personal_desirability",0
41,"linear_middle","personal_desirability",0
41,"linear_high","personal_desirability",62
41,"exp_rise_convex","personal_desirability",65
41,"exp_fall_convex","personal_desirability",0
41,"exp_rise_concave","personal_desirability",100
41,"exp_fall_concave","personal_desirability",0
41,"sin_fr_full","personal_desirability",24
41,"sin_fr_partial","personal_desirability",82
41,"sin_rf_full","personal_desirability",26
41,"sin_rf_partial","personal_desirability",6
41,"sin_rfr_full","personal_desirability",50
41,"sin_rfr_partial","personal_desirability",51
41,"sin_frf_full","personal_desirability",44
41,"sin_frf_partial","personal_desirability",21
41,"sin_frfr","personal_desirability",50
41,"sin_rfrf","personal_desirability",36
41,"logistic_rise","personal_desirability",60
41,"logistic_fall","personal_desirability",0
41,"positive_change_full","personal_desirability",23
41,"positive_change_partial","personal_desirability",46
41,"negative_change_full","personal_desirability",14
41,"negative_change_partial","personal_desirability",25
41,"linear_rise_sharp_fall","personal_desirability",0
41,"linear_rise_sharp_fall_exp_rise","personal_desirability",50
42,"linear_rise","personal_desirability",63
42,"linear_fall","personal_desirability",88
42,"linear_low","personal_desirability",91
42,"linear_middle","personal_desirability",86
42,"linear_high","personal_desirability",88
42,"exp_rise_convex","personal_desirability",77
42,"exp_fall_convex","personal_desirability",80
42,"exp_rise_concave","personal_desirability",80
42,"exp_fall_concave","personal_desirability",85
42,"sin_fr_full","personal_desirability",79
42,"sin_fr_partial","personal_desirability",65
42,"sin_rf_full","personal_desirability",74
42,"sin_rf_partial","personal_desirability",88
42,"sin_rfr_full","personal_desirability",82
42,"sin_rfr_partial","personal_desirability",83
42,"sin_frf_full","personal_desirability",85
42,"sin_frf_partial","personal_desirability",81
42,"sin_frfr","personal_desirability",72
42,"sin_rfrf","personal_desirability",75
42,"logistic_rise","personal_desirability",72
42,"logistic_fall","personal_desirability",87
42,"positive_change_full","personal_desirability",79
42,"positive_change_partial","personal_desirability",83
42,"negative_change_full","personal_desirability",82
42,"negative_change_partial","personal_desirability",81
42,"linear_rise_sharp_fall","personal_desirability",82
42,"linear_rise_sharp_fall_exp_rise","personal_desirability",82
43,"linear_rise","personal_desirability",28
43,"linear_fall","personal_desirability",35
43,"linear_low","personal_desirability",23
43,"linear_middle","personal_desirability",50
43,"linear_high","personal_desirability",12
43,"exp_rise_convex","personal_desirability",35
43,"exp_fall_convex","personal_desirability",43
43,"exp_rise_concave","personal_desirability",30
43,"exp_fall_concave","personal_desirability",20
43,"sin_fr_full","personal_desirability",39
43,"sin_fr_partial","personal_desirability",34
43,"sin_rf_full","personal_desirability",59
43,"sin_rf_partial","personal_desirability",54
43,"sin_rfr_full","personal_desirability",39
43,"sin_rfr_partial","personal_desirability",45
43,"sin_frf_full","personal_desirability",42
43,"sin_frf_partial","personal_desirability",38
43,"sin_frfr","personal_desirability",39
43,"sin_rfrf","personal_desirability",44
43,"logistic_rise","personal_desirability",20
43,"logistic_fall","personal_desirability",32
43,"positive_change_full","personal_desirability",32
43,"positive_change_partial","personal_desirability",58
43,"negative_change_full","personal_desirability",50
43,"negative_change_partial","personal_desirability",70
43,"linear_rise_sharp_fall","personal_desirability",68
43,"linear_rise_sharp_fall_exp_rise","personal_desirability",35
44,"linear_rise","personal_desirability",63
44,"linear_fall","personal_desirability",32
44,"linear_low","personal_desirability",0
44,"linear_middle","personal_desirability",51
44,"linear_high","personal_desirability",100
44,"exp_rise_convex","personal_desirability",78
44,"exp_fall_convex","personal_desirability",34
44,"exp_rise_concave","personal_desirability",87
44,"exp_fall_concave","personal_desirability",3
44,"sin_fr_full","personal_desirability",16
44,"sin_fr_partial","personal_desirability",57
44,"sin_rf_full","personal_desirability",48
44,"sin_rf_partial","personal_desirability",8
44,"sin_rfr_full","personal_desirability",14
44,"sin_rfr_partial","personal_desirability",27
44,"sin_frf_full","personal_desirability",23
44,"sin_frf_partial","personal_desirability",8
44,"sin_frfr","personal_desirability",43
44,"sin_rfrf","personal_desirability",30
44,"logistic_rise","personal_desirability",36
44,"logistic_fall","personal_desirability",23
44,"positive_change_full","personal_desirability",28
44,"positive_change_partial","personal_desirability",18
44,"negative_change_full","personal_desirability",15
44,"negative_change_partial","personal_desirability",37
44,"linear_rise_sharp_fall","personal_desirability",13
44,"linear_rise_sharp_fall_exp_rise","personal_desirability",49
45,"linear_rise","personal_desirability",60
45,"linear_fall","personal_desirability",10
45,"linear_low","personal_desirability",0
45,"linear_middle","personal_desirability",30
45,"linear_high","personal_desirability",100
45,"exp_rise_convex","personal_desirability",10
45,"exp_fall_convex","personal_desirability",0
45,"exp_rise_concave","personal_desirability",90
45,"exp_fall_concave","personal_desirability",10
45,"sin_fr_full","personal_desirability",30
45,"sin_fr_partial","personal_desirability",40
45,"sin_rf_full","personal_desirability",25
45,"sin_rf_partial","personal_desirability",20
45,"sin_rfr_full","personal_desirability",40
45,"sin_rfr_partial","personal_desirability",20
45,"sin_frf_full","personal_desirability",0
45,"sin_frf_partial","personal_desirability",10
45,"sin_frfr","personal_desirability",20
45,"sin_rfrf","personal_desirability",0
45,"logistic_rise","personal_desirability",20
45,"logistic_fall","personal_desirability",0
45,"positive_change_full","personal_desirability",20
45,"positive_change_partial","personal_desirability",10
45,"negative_change_full","personal_desirability",0
45,"negative_change_partial","personal_desirability",50
45,"linear_rise_sharp_fall","personal_desirability",0
45,"linear_rise_sharp_fall_exp_rise","personal_desirability",0
46,"linear_rise","personal_desirability",85
46,"linear_fall","personal_desirability",35
46,"linear_low","personal_desirability",0
46,"linear_middle","personal_desirability",70
46,"linear_high","personal_desirability",100
46,"exp_rise_convex","personal_desirability",40
46,"exp_fall_convex","personal_desirability",10
46,"exp_rise_concave","personal_desirability",90
46,"exp_fall_concave","personal_desirability",15
46,"sin_fr_full","personal_desirability",30
46,"sin_fr_partial","personal_desirability",61
46,"sin_rf_full","personal_desirability",49
46,"sin_rf_partial","personal_desirability",35
46,"sin_rfr_full","personal_desirability",40
46,"sin_rfr_partial","personal_desirability",40
46,"sin_frf_full","personal_desirability",25
46,"sin_frf_partial","personal_desirability",45
46,"sin_frfr","personal_desirability",35
46,"sin_rfrf","personal_desirability",40
46,"logistic_rise","personal_desirability",51
46,"logistic_fall","personal_desirability",35
46,"positive_change_full","personal_desirability",35
46,"positive_change_partial","personal_desirability",10
46,"negative_change_full","personal_desirability",55
46,"negative_change_partial","personal_desirability",55
46,"linear_rise_sharp_fall","personal_desirability",20
46,"linear_rise_sharp_fall_exp_rise","personal_desirability",62
47,"linear_rise","personal_desirability",22
47,"linear_fall","personal_desirability",10
47,"linear_low","personal_desirability",5
47,"linear_middle","personal_desirability",31
47,"linear_high","personal_desirability",0
47,"exp_rise_convex","personal_desirability",19
47,"exp_fall_convex","personal_desirability",16
47,"exp_rise_concave","personal_desirability",64
47,"exp_fall_concave","personal_desirability",42
47,"sin_fr_full","personal_desirability",21
47,"sin_fr_partial","personal_desirability",15
47,"sin_rf_full","personal_desirability",9
47,"sin_rf_partial","personal_desirability",25
47,"sin_rfr_full","personal_desirability",31
47,"sin_rfr_partial","personal_desirability",31
47,"sin_frf_full","personal_desirability",27
47,"sin_frf_partial","personal_desirability",56
47,"sin_frfr","personal_desirability",15
47,"sin_rfrf","personal_desirability",12
47,"logistic_rise","personal_desirability",21
47,"logistic_fall","personal_desirability",20
47,"positive_change_full","personal_desirability",20
47,"positive_change_partial","personal_desirability",13
47,"negative_change_full","personal_desirability",30
47,"negative_change_partial","personal_desirability",20
47,"linear_rise_sharp_fall","personal_desirability",11
47,"linear_rise_sharp_fall_exp_rise","personal_desirability",18
48,"linear_rise","personal_desirability",81
48,"linear_fall","personal_desirability",0
48,"linear_low","personal_desirability",0
48,"linear_middle","personal_desirability",0
48,"linear_high","personal_desirability",100
48,"exp_rise_convex","personal_desirability",92
48,"exp_fall_convex","personal_desirability",0
48,"exp_rise_concave","personal_desirability",100
48,"exp_fall_concave","personal_desirability",92
48,"sin_fr_full","personal_desirability",75
48,"sin_fr_partial","personal_desirability",16
48,"sin_rf_full","personal_desirability",0
48,"sin_rf_partial","personal_desirability",0
48,"sin_rfr_full","personal_desirability",48
48,"sin_rfr_partial","personal_desirability",30
48,"sin_frf_full","personal_desirability",0
48,"sin_frf_partial","personal_desirability",29
48,"sin_frfr","personal_desirability",28
48,"sin_rfrf","personal_desirability",39
48,"logistic_rise","personal_desirability",31
48,"logistic_fall","personal_desirability",12
48,"positive_change_full","personal_desirability",0
48,"positive_change_partial","personal_desirability",0
48,"negative_change_full","personal_desirability",40
48,"negative_change_partial","personal_desirability",76
48,"linear_rise_sharp_fall","personal_desirability",0
48,"linear_rise_sharp_fall_exp_rise","personal_desirability",30
49,"linear_rise","personal_desirability",70
49,"linear_fall","personal_desirability",2
49,"linear_low","personal_desirability",0
49,"linear_middle","personal_desirability",15
49,"linear_high","personal_desirability",95
49,"exp_rise_convex","personal_desirability",59
49,"exp_fall_convex","personal_desirability",1
49,"exp_rise_concave","personal_desirability",89
49,"exp_fall_concave","personal_desirability",39
49,"sin_fr_full","personal_desirability",54
49,"sin_fr_partial","personal_desirability",82
49,"sin_rf_full","personal_desirability",51
49,"sin_rf_partial","personal_desirability",40
49,"sin_rfr_full","personal_desirability",66
49,"sin_rfr_partial","personal_desirability",78
49,"sin_frf_full","personal_desirability",68
49,"sin_frf_partial","personal_desirability",71
49,"sin_frfr","personal_desirability",71
49,"sin_rfrf","personal_desirability",52
49,"logistic_rise","personal_desirability",58
49,"logistic_fall","personal_desirability",68
49,"positive_change_full","personal_desirability",59
49,"positive_change_partial","personal_desirability",84
49,"negative_change_full","personal_desirability",4
49,"negative_change_partial","personal_desirability",72
49,"linear_rise_sharp_fall","personal_desirability",1
49,"linear_rise_sharp_fall_exp_rise","personal_desirability",68
50,"linear_rise","personal_desirability",100
50,"linear_fall","personal_desirability",29
50,"linear_low","personal_desirability",6
50,"linear_middle","personal_desirability",25
50,"linear_high","personal_desirability",100
50,"exp_rise_convex","personal_desirability",79
50,"exp_fall_convex","personal_desirability",12
50,"exp_rise_concave","personal_desirability",93
50,"exp_fall_concave","personal_desirability",79
50,"sin_fr_full","personal_desirability",50
50,"sin_fr_partial","personal_desirability",74
50,"sin_rf_full","personal_desirability",77
50,"sin_rf_partial","personal_desirability",40
50,"sin_rfr_full","personal_desirability",74
50,"sin_rfr_partial","personal_desirability",77
50,"sin_frf_full","personal_desirability",52
50,"sin_frf_partial","personal_desirability",49
50,"sin_frfr","personal_desirability",72
50,"sin_rfrf","personal_desirability",66
50,"logistic_rise","personal_desirability",93
50,"logistic_fall","personal_desirability",11
50,"positive_change_full","personal_desirability",39
50,"positive_change_partial","personal_desirability",50
50,"negative_change_full","personal_desirability",78
50,"negative_change_partial","personal_desirability",70
50,"linear_rise_sharp_fall","personal_desirability",23
50,"linear_rise_sharp_fall_exp_rise","personal_desirability",66
51,"linear_rise","personal_desirability",96
51,"linear_fall","personal_desirability",0
51,"linear_low","personal_desirability",0
51,"linear_middle","personal_desirability",0
51,"linear_high","personal_desirability",100
51,"exp_rise_convex","personal_desirability",76
51,"exp_fall_convex","personal_desirability",2
51,"exp_rise_concave","personal_desirability",68
51,"exp_fall_concave","personal_desirability",0
51,"sin_fr_full","personal_desirability",74
51,"sin_fr_partial","personal_desirability",68
51,"sin_rf_full","personal_desirability",3
51,"sin_rf_partial","personal_desirability",0
51,"sin_rfr_full","personal_desirability",78
51,"sin_rfr_partial","personal_desirability",47
51,"sin_frf_full","personal_desirability",3
51,"sin_frf_partial","personal_desirability",0
51,"sin_frfr","personal_desirability",51
51,"sin_rfrf","personal_desirability",4
51,"logistic_rise","personal_desirability",64
51,"logistic_fall","personal_desirability",4
51,"positive_change_full","personal_desirability",21
51,"positive_change_partial","personal_desirability",12
51,"negative_change_full","personal_desirability",0
51,"negative_change_partial","personal_desirability",12
51,"linear_rise_sharp_fall","personal_desirability",3
51,"linear_rise_sharp_fall_exp_rise","personal_desirability",22
52,"linear_rise","personal_desirability",53
52,"linear_fall","personal_desirability",1
52,"linear_low","personal_desirability",3
52,"linear_middle","personal_desirability",80
52,"linear_high","personal_desirability",70
52,"exp_rise_convex","personal_desirability",66
52,"exp_fall_convex","personal_desirability",5
52,"exp_rise_concave","personal_desirability",40
52,"exp_fall_concave","personal_desirability",54
52,"sin_fr_full","personal_desirability",26
52,"sin_fr_partial","personal_desirability",54
52,"sin_rf_full","personal_desirability",12
52,"sin_rf_partial","personal_desirability",9
52,"sin_rfr_full","personal_desirability",19
52,"sin_rfr_partial","personal_desirability",30
52,"sin_frf_full","personal_desirability",8
52,"sin_frf_partial","personal_desirability",6
52,"sin_frfr","personal_desirability",10
52,"sin_rfrf","personal_desirability",16
52,"logistic_rise","personal_desirability",10
52,"logistic_fall","personal_desirability",5
52,"positive_change_full","personal_desirability",19
52,"positive_change_partial","personal_desirability",7
52,"negative_change_full","personal_desirability",20
52,"negative_change_partial","personal_desirability",13
52,"linear_rise_sharp_fall","personal_desirability",0
52,"linear_rise_sharp_fall_exp_rise","personal_desirability",51
53,"linear_rise","personal_desirability",45
53,"linear_fall","personal_desirability",16
53,"linear_low","personal_desirability",1
53,"linear_middle","personal_desirability",29
53,"linear_high","personal_desirability",88
53,"exp_rise_convex","personal_desirability",29
53,"exp_fall_convex","personal_desirability",7
53,"exp_rise_concave","personal_desirability",63
53,"exp_fall_concave","personal_desirability",37
53,"sin_fr_full","personal_desirability",55
53,"sin_fr_partial","personal_desirability",36
53,"sin_rf_full","personal_desirability",33
53,"sin_rf_partial","personal_desirability",30
53,"sin_rfr_full","personal_desirability",53
53,"sin_rfr_partial","personal_desirability",41
53,"sin_frf_full","personal_desirability",25
53,"sin_frf_partial","personal_desirability",38
53,"sin_frfr","personal_desirability",49
53,"sin_rfrf","personal_desirability",52
53,"logistic_rise","personal_desirability",79
53,"logistic_fall","personal_desirability",25
53,"positive_change_full","personal_desirability",40
53,"positive_change_partial","personal_desirability",37
53,"negative_change_full","personal_desirability",36
53,"negative_change_partial","personal_desirability",49
53,"linear_rise_sharp_fall","personal_desirability",17
53,"linear_rise_sharp_fall_exp_rise","personal_desirability",34
54,"linear_rise","personal_desirability",73
54,"linear_fall","personal_desirability",11
54,"linear_low","personal_desirability",0
54,"linear_middle","personal_desirability",63
54,"linear_high","personal_desirability",100
54,"exp_rise_convex","personal_desirability",57
54,"exp_fall_convex","personal_desirability",7
54,"exp_rise_concave","personal_desirability",68
54,"exp_fall_concave","personal_desirability",17
54,"sin_fr_full","personal_desirability",14
54,"sin_fr_partial","personal_desirability",30
54,"sin_rf_full","personal_desirability",21
54,"sin_rf_partial","personal_desirability",22
54,"sin_rfr_full","personal_desirability",26
54,"sin_rfr_partial","personal_desirability",18
54,"sin_frf_full","personal_desirability",11
54,"sin_frf_partial","personal_desirability",32
54,"sin_frfr","personal_desirability",27
54,"sin_rfrf","personal_desirability",21
54,"logistic_rise","personal_desirability",45
54,"logistic_fall","personal_desirability",1
54,"positive_change_full","personal_desirability",43
54,"positive_change_partial","personal_desirability",11
54,"negative_change_full","personal_desirability",37
54,"negative_change_partial","personal_desirability",47
54,"linear_rise_sharp_fall","personal_desirability",6
54,"linear_rise_sharp_fall_exp_rise","personal_desirability",40
55,"linear_rise","personal_desirability",70
55,"linear_fall","personal_desirability",10
55,"linear_low","personal_desirability",0
55,"linear_middle","personal_desirability",20
55,"linear_high","personal_desirability",100
55,"exp_rise_convex","personal_desirability",10
55,"exp_fall_convex","personal_desirability",0
55,"exp_rise_concave","personal_desirability",100
55,"exp_fall_concave","personal_desirability",91
55,"sin_fr_full","personal_desirability",40
55,"sin_fr_partial","personal_desirability",80
55,"sin_rf_full","personal_desirability",25
55,"sin_rf_partial","personal_desirability",0
55,"sin_rfr_full","personal_desirability",50
55,"sin_rfr_partial","personal_desirability",15
55,"sin_frf_full","personal_desirability",60
55,"sin_frf_partial","personal_desirability",50
55,"sin_frfr","personal_desirability",40
55,"sin_rfrf","personal_desirability",70
55,"logistic_rise","personal_desirability",50
55,"logistic_fall","personal_desirability",10
55,"positive_change_full","personal_desirability",20
55,"positive_change_partial","personal_desirability",15
55,"negative_change_full","personal_desirability",20
55,"negative_change_partial","personal_desirability",30
55,"linear_rise_sharp_fall","personal_desirability",0
55,"linear_rise_sharp_fall_exp_rise","personal_desirability",30
56,"linear_rise","personal_desirability",76
56,"linear_fall","personal_desirability",0
56,"linear_low","personal_desirability",0
56,"linear_middle","personal_desirability",61
56,"linear_high","personal_desirability",100
56,"exp_rise_convex","personal_desirability",60
56,"exp_fall_convex","personal_desirability",1
56,"exp_rise_concave","personal_desirability",80
56,"exp_fall_concave","personal_desirability",20
56,"sin_fr_full","personal_desirability",30
56,"sin_fr_partial","personal_desirability",71
56,"sin_rf_full","personal_desirability",20
56,"sin_rf_partial","personal_desirability",20
56,"sin_rfr_full","personal_desirability",40
56,"sin_rfr_partial","personal_desirability",51
56,"sin_frf_full","personal_desirability",30
56,"sin_frf_partial","personal_desirability",20
56,"sin_frfr","personal_desirability",40
56,"sin_rfrf","personal_desirability",20
56,"logistic_rise","personal_desirability",70
56,"logistic_fall","personal_desirability",0
56,"positive_change_full","personal_desirability",10
56,"positive_change_partial","personal_desirability",20
56,"negative_change_full","personal_desirability",9
56,"negative_change_partial","personal_desirability",30
56,"linear_rise_sharp_fall","personal_desirability",1
56,"linear_rise_sharp_fall_exp_rise","personal_desirability",78
57,"linear_rise","personal_desirability",85
57,"linear_fall","personal_desirability",0
57,"linear_low","personal_desirability",0
57,"linear_middle","personal_desirability",50
57,"linear_high","personal_desirability",90
57,"exp_rise_convex","personal_desirability",92
57,"exp_fall_convex","personal_desirability",5
57,"exp_rise_concave","personal_desirability",91
57,"exp_fall_concave","personal_desirability",0
57,"sin_fr_full","personal_desirability",70
57,"sin_fr_partial","personal_desirability",85
57,"sin_rf_full","personal_desirability",39
57,"sin_rf_partial","personal_desirability",6
57,"sin_rfr_full","personal_desirability",85
57,"sin_rfr_partial","personal_desirability",80
57,"sin_frf_full","personal_desirability",30
57,"sin_frf_partial","personal_desirability",35
57,"sin_frfr","personal_desirability",29
57,"sin_rfrf","personal_desirability",60
57,"logistic_rise","personal_desirability",85
57,"logistic_fall","personal_desirability",8
57,"positive_change_full","personal_desirability",50
57,"positive_change_partial","personal_desirability",20
57,"negative_change_full","personal_desirability",56
57,"negative_change_partial","personal_desirability",60
57,"linear_rise_sharp_fall","personal_desirability",4
57,"linear_rise_sharp_fall_exp_rise","personal_desirability",70
58,"linear_rise","personal_desirability",69
58,"linear_fall","personal_desirability",0
58,"linear_low","personal_desirability",0
58,"linear_middle","personal_desirability",33
58,"linear_high","personal_desirability",100
58,"exp_rise_convex","personal_desirability",72
58,"exp_fall_convex","personal_desirability",8
58,"exp_rise_concave","personal_desirability",94
58,"exp_fall_concave","personal_desirability",35
58,"sin_fr_full","personal_desirability",34
58,"sin_fr_partial","personal_desirability",54
58,"sin_rf_full","personal_desirability",56
58,"sin_rf_partial","personal_desirability",41
58,"sin_rfr_full","personal_desirability",51
58,"sin_rfr_partial","personal_desirability",42
58,"sin_frf_full","personal_desirability",40
58,"sin_frf_partial","personal_desirability",47
58,"sin_frfr","personal_desirability",41
58,"sin_rfrf","personal_desirability",44
58,"logistic_rise","personal_desirability",52
58,"logistic_fall","personal_desirability",25
58,"positive_change_full","personal_desirability",47
58,"positive_change_partial","personal_desirability",43
58,"negative_change_full","personal_desirability",42
58,"negative_change_partial","personal_desirability",41
58,"linear_rise_sharp_fall","personal_desirability",20
58,"linear_rise_sharp_fall_exp_rise","personal_desirability",59
59,"linear_rise","personal_desirability",65
59,"linear_fall","personal_desirability",5
59,"linear_low","personal_desirability",0
59,"linear_middle","personal_desirability",5
59,"linear_high","personal_desirability",25
59,"exp_rise_convex","personal_desirability",60
59,"exp_fall_convex","personal_desirability",4
59,"exp_rise_concave","personal_desirability",70
59,"exp_fall_concave","personal_desirability",5
59,"sin_fr_full","personal_desirability",10
59,"sin_fr_partial","personal_desirability",65
59,"sin_rf_full","personal_desirability",9
59,"sin_rf_partial","personal_desirability",15
59,"sin_rfr_full","personal_desirability",30
59,"sin_rfr_partial","personal_desirability",55
59,"sin_frf_full","personal_desirability",10
59,"sin_frf_partial","personal_desirability",20
59,"sin_frfr","personal_desirability",30
59,"sin_rfrf","personal_desirability",9
59,"logistic_rise","personal_desirability",75
59,"logistic_fall","personal_desirability",10
59,"positive_change_full","personal_desirability",30
59,"positive_change_partial","personal_desirability",10
59,"negative_change_full","personal_desirability",25
59,"negative_change_partial","personal_desirability",20
59,"linear_rise_sharp_fall","personal_desirability",5
59,"linear_rise_sharp_fall_exp_rise","personal_desirability",40
60,"linear_rise","personal_desirability",100
60,"linear_fall","personal_desirability",0
60,"linear_low","personal_desirability",0
60,"linear_middle","personal_desirability",50
60,"linear_high","personal_desirability",100
60,"exp_rise_convex","personal_desirability",79
60,"exp_fall_convex","personal_desirability",0
60,"exp_rise_concave","personal_desirability",81
60,"exp_fall_concave","personal_desirability",0
60,"sin_fr_full","personal_desirability",21
60,"sin_fr_partial","personal_desirability",50
60,"sin_rf_full","personal_desirability",72
60,"sin_rf_partial","personal_desirability",41
60,"sin_rfr_full","personal_desirability",0
60,"sin_rfr_partial","personal_desirability",0
60,"sin_frf_full","personal_desirability",24
60,"sin_frf_partial","personal_desirability",23
60,"sin_frfr","personal_desirability",15
60,"sin_rfrf","personal_desirability",10
60,"logistic_rise","personal_desirability",91
60,"logistic_fall","personal_desirability",9
60,"positive_change_full","personal_desirability",40
60,"positive_change_partial","personal_desirability",16
60,"negative_change_full","personal_desirability",74
60,"negative_change_partial","personal_desirability",66
60,"linear_rise_sharp_fall","personal_desirability",0
60,"linear_rise_sharp_fall_exp_rise","personal_desirability",15
61,"linear_rise","personal_desirability",95
61,"linear_fall","personal_desirability",15
61,"linear_low","personal_desirability",1
61,"linear_middle","personal_desirability",6
61,"linear_high","personal_desirability",10
61,"exp_rise_convex","personal_desirability",90
61,"exp_fall_convex","personal_desirability",6
61,"exp_rise_concave","personal_desirability",85
61,"exp_fall_concave","personal_desirability",71
61,"sin_fr_full","personal_desirability",65
61,"sin_fr_partial","personal_desirability",75
61,"sin_rf_full","personal_desirability",30
61,"sin_rf_partial","personal_desirability",10
61,"sin_rfr_full","personal_desirability",75
61,"sin_rfr_partial","personal_desirability",80
61,"sin_frf_full","personal_desirability",50
61,"sin_frf_partial","personal_desirability",60
61,"sin_frfr","personal_desirability",75
61,"sin_rfrf","personal_desirability",80
61,"logistic_rise","personal_desirability",75
61,"logistic_fall","personal_desirability",2
61,"positive_change_full","personal_desirability",50
61,"positive_change_partial","personal_desirability",50
61,"negative_change_full","personal_desirability",20
61,"negative_change_partial","personal_desirability",60
61,"linear_rise_sharp_fall","personal_desirability",5
61,"linear_rise_sharp_fall_exp_rise","personal_desirability",50
62,"linear_rise","personal_desirability",0
62,"linear_fall","personal_desirability",0
62,"linear_low","personal_desirability",0
62,"linear_middle","personal_desirability",50
62,"linear_high","personal_desirability",100
62,"exp_rise_convex","personal_desirability",0
62,"exp_fall_convex","personal_desirability",0
62,"exp_rise_concave","personal_desirability",50
62,"exp_fall_concave","personal_desirability",0
62,"sin_fr_full","personal_desirability",0
62,"sin_fr_partial","personal_desirability",0
62,"sin_rf_full","personal_desirability",0
62,"sin_rf_partial","personal_desirability",0
62,"sin_rfr_full","personal_desirability",0
62,"sin_rfr_partial","personal_desirability",0
62,"sin_frf_full","personal_desirability",0
62,"sin_frf_partial","personal_desirability",0
62,"sin_frfr","personal_desirability",0
62,"sin_rfrf","personal_desirability",0
62,"logistic_rise","personal_desirability",0
62,"logistic_fall","personal_desirability",0
62,"positive_change_full","personal_desirability",0
62,"positive_change_partial","personal_desirability",0
62,"negative_change_full","personal_desirability",0
62,"negative_change_partial","personal_desirability",0
62,"linear_rise_sharp_fall","personal_desirability",0
62,"linear_rise_sharp_fall_exp_rise","personal_desirability",0
63,"linear_rise","personal_desirability",59
63,"linear_fall","personal_desirability",13
63,"linear_low","personal_desirability",3
63,"linear_middle","personal_desirability",9
63,"linear_high","personal_desirability",100
63,"exp_rise_convex","personal_desirability",25
63,"exp_fall_convex","personal_desirability",14
63,"exp_rise_concave","personal_desirability",66
63,"exp_fall_concave","personal_desirability",32
63,"sin_fr_full","personal_desirability",26
63,"sin_fr_partial","personal_desirability",21
63,"sin_rf_full","personal_desirability",30
63,"sin_rf_partial","personal_desirability",19
63,"sin_rfr_full","personal_desirability",24
63,"sin_rfr_partial","personal_desirability",20
63,"sin_frf_full","personal_desirability",28
63,"sin_frf_partial","personal_desirability",30
63,"sin_frfr","personal_desirability",21
63,"sin_rfrf","personal_desirability",22
63,"logistic_rise","personal_desirability",52
63,"logistic_fall","personal_desirability",12
63,"positive_change_full","personal_desirability",12
63,"positive_change_partial","personal_desirability",28
63,"negative_change_full","personal_desirability",29
63,"negative_change_partial","personal_desirability",54
63,"linear_rise_sharp_fall","personal_desirability",6
63,"linear_rise_sharp_fall_exp_rise","personal_desirability",32
64,"linear_rise","personal_desirability",72
64,"linear_fall","personal_desirability",33
64,"linear_low","personal_desirability",13
64,"linear_middle","personal_desirability",49
64,"linear_high","personal_desirability",78
64,"exp_rise_convex","personal_desirability",19
64,"exp_fall_convex","personal_desirability",35
64,"exp_rise_concave","personal_desirability",31
64,"exp_fall_concave","personal_desirability",73
64,"sin_fr_full","personal_desirability",68
64,"sin_fr_partial","personal_desirability",57
64,"sin_rf_full","personal_desirability",33
64,"sin_rf_partial","personal_desirability",55
64,"sin_rfr_full","personal_desirability",39
64,"sin_rfr_partial","personal_desirability",39
64,"sin_frf_full","personal_desirability",46
64,"sin_frf_partial","personal_desirability",42
64,"sin_frfr","personal_desirability",28
64,"sin_rfrf","personal_desirability",48
64,"logistic_rise","personal_desirability",33
64,"logistic_fall","personal_desirability",37
64,"positive_change_full","personal_desirability",38
64,"positive_change_partial","personal_desirability",42
64,"negative_change_full","personal_desirability",47
64,"negative_change_partial","personal_desirability",35
64,"linear_rise_sharp_fall","personal_desirability",24
64,"linear_rise_sharp_fall_exp_rise","personal_desirability",33
65,"linear_rise","personal_desirability",70
65,"linear_fall","personal_desirability",0
65,"linear_low","personal_desirability",0
65,"linear_middle","personal_desirability",100
65,"linear_high","personal_desirability",100
65,"exp_rise_convex","personal_desirability",59
65,"exp_fall_convex","personal_desirability",10
65,"exp_rise_concave","personal_desirability",100
65,"exp_fall_concave","personal_desirability",30
65,"sin_fr_full","personal_desirability",90
65,"sin_fr_partial","personal_desirability",90
65,"sin_rf_full","personal_desirability",0
65,"sin_rf_partial","personal_desirability",10
65,"sin_rfr_full","personal_desirability",60
65,"sin_rfr_partial","personal_desirability",60
65,"sin_frf_full","personal_desirability",30
65,"sin_frf_partial","personal_desirability",20
65,"sin_frfr","personal_desirability",30
65,"sin_rfrf","personal_desirability",30
65,"logistic_rise","personal_desirability",75
65,"logistic_fall","personal_desirability",0
65,"positive_change_full","personal_desirability",70
65,"positive_change_partial","personal_desirability",55
65,"negative_change_full","personal_desirability",10
65,"negative_change_partial","personal_desirability",20
65,"linear_rise_sharp_fall","personal_desirability",0
65,"linear_rise_sharp_fall_exp_rise","personal_desirability",55
66,"linear_rise","personal_desirability",0
66,"linear_fall","personal_desirability",0
66,"linear_low","personal_desirability",0
66,"linear_middle","personal_desirability",0
66,"linear_high","personal_desirability",100
66,"exp_rise_convex","personal_desirability",12
66,"exp_fall_convex","personal_desirability",0
66,"exp_rise_concave","personal_desirability",84
66,"exp_fall_concave","personal_desirability",26
66,"sin_fr_full","personal_desirability",51
66,"sin_fr_partial","personal_desirability",77
66,"sin_rf_full","personal_desirability",8
66,"sin_rf_partial","personal_desirability",0
66,"sin_rfr_full","personal_desirability",0
66,"sin_rfr_partial","personal_desirability",51
66,"sin_frf_full","personal_desirability",35
66,"sin_frf_partial","personal_desirability",65
66,"sin_frfr","personal_desirability",37
66,"sin_rfrf","personal_desirability",47
66,"logistic_rise","personal_desirability",33
66,"logistic_fall","personal_desirability",0
66,"positive_change_full","personal_desirability",0
66,"positive_change_partial","personal_desirability",12
66,"negative_change_full","personal_desirability",49
66,"negative_change_partial","personal_desirability",31
66,"linear_rise_sharp_fall","personal_desirability",0
66,"linear_rise_sharp_fall_exp_rise","personal_desirability",21
67,"linear_rise","personal_desirability",97
67,"linear_fall","personal_desirability",0
67,"linear_low","personal_desirability",0
67,"linear_middle","personal_desirability",35
67,"linear_high","personal_desirability",100
67,"exp_rise_convex","personal_desirability",99
67,"exp_fall_convex","personal_desirability",0
67,"exp_rise_concave","personal_desirability",96
67,"exp_fall_concave","personal_desirability",50
67,"sin_fr_full","personal_desirability",65
67,"sin_fr_partial","personal_desirability",75
67,"sin_rf_full","personal_desirability",50
67,"sin_rf_partial","personal_desirability",1
67,"sin_rfr_full","personal_desirability",70
67,"sin_rfr_partial","personal_desirability",50
67,"sin_frf_full","personal_desirability",9
67,"sin_frf_partial","personal_desirability",13
67,"sin_frfr","personal_desirability",90
67,"sin_rfrf","personal_desirability",35
67,"logistic_rise","personal_desirability",95
67,"logistic_fall","personal_desirability",1
67,"positive_change_full","personal_desirability",5
67,"positive_change_partial","personal_desirability",1
67,"negative_change_full","personal_desirability",35
67,"negative_change_partial","personal_desirability",95
67,"linear_rise_sharp_fall","personal_desirability",1
67,"linear_rise_sharp_fall_exp_rise","personal_desirability",70
68,"linear_rise","personal_desirability",65
68,"linear_fall","personal_desirability",25
68,"linear_low","personal_desirability",0
68,"linear_middle","personal_desirability",80
68,"linear_high","personal_desirability",100
68,"exp_rise_convex","personal_desirability",75
68,"exp_fall_convex","personal_desirability",25
68,"exp_rise_concave","personal_desirability",95
68,"exp_fall_concave","personal_desirability",72
68,"sin_fr_full","personal_desirability",35
68,"sin_fr_partial","personal_desirability",35
68,"sin_rf_full","personal_desirability",60
68,"sin_rf_partial","personal_desirability",35
68,"sin_rfr_full","personal_desirability",36
68,"sin_rfr_partial","personal_desirability",46
68,"sin_frf_full","personal_desirability",25
68,"sin_frf_partial","personal_desirability",45
68,"sin_frfr","personal_desirability",30
68,"sin_rfrf","personal_desirability",25
68,"logistic_rise","personal_desirability",50
68,"logistic_fall","personal_desirability",30
68,"positive_change_full","personal_desirability",35
68,"positive_change_partial","personal_desirability",40
68,"negative_change_full","personal_desirability",60
68,"negative_change_partial","personal_desirability",60
68,"linear_rise_sharp_fall","personal_desirability",10
68,"linear_rise_sharp_fall_exp_rise","personal_desirability",28
69,"linear_rise","personal_desirability",0
69,"linear_fall","personal_desirability",90
69,"linear_low","personal_desirability",72
69,"linear_middle","personal_desirability",50
69,"linear_high","personal_desirability",0
69,"exp_rise_convex","personal_desirability",0
69,"exp_fall_convex","personal_desirability",60
69,"exp_rise_concave","personal_desirability",0
69,"exp_fall_concave","personal_desirability",80
69,"sin_fr_full","personal_desirability",30
69,"sin_fr_partial","personal_desirability",0
69,"sin_rf_full","personal_desirability",69
69,"sin_rf_partial","personal_desirability",0
69,"sin_rfr_full","personal_desirability",4
69,"sin_rfr_partial","personal_desirability",20
69,"sin_frf_full","personal_desirability",4
69,"sin_frf_partial","personal_desirability",62
69,"sin_frfr","personal_desirability",3
69,"sin_rfrf","personal_desirability",6
69,"logistic_rise","personal_desirability",21
69,"logistic_fall","personal_desirability",0
69,"positive_change_full","personal_desirability",0
69,"positive_change_partial","personal_desirability",40
69,"negative_change_full","personal_desirability",0
69,"negative_change_partial","personal_desirability",68
69,"linear_rise_sharp_fall","personal_desirability",0
69,"linear_rise_sharp_fall_exp_rise","personal_desirability",1
70,"linear_rise","personal_desirability",73
70,"linear_fall","personal_desirability",14
70,"linear_low","personal_desirability",1
70,"linear_middle","personal_desirability",57
70,"linear_high","personal_desirability",88
70,"exp_rise_convex","personal_desirability",77
70,"exp_fall_convex","personal_desirability",7
70,"exp_rise_concave","personal_desirability",85
70,"exp_fall_concave","personal_desirability",5
70,"sin_fr_full","personal_desirability",51
70,"sin_fr_partial","personal_desirability",81
70,"sin_rf_full","personal_desirability",6
70,"sin_rf_partial","personal_desirability",2
70,"sin_rfr_full","personal_desirability",76
70,"sin_rfr_partial","personal_desirability",73
70,"sin_frf_full","personal_desirability",42
70,"sin_frf_partial","personal_desirability",49
70,"sin_frfr","personal_desirability",33
70,"sin_rfrf","personal_desirability",50
70,"logistic_rise","personal_desirability",71
70,"logistic_fall","personal_desirability",2
70,"positive_change_full","personal_desirability",38
70,"positive_change_partial","personal_desirability",19
70,"negative_change_full","personal_desirability",17
70,"negative_change_partial","personal_desirability",77
70,"linear_rise_sharp_fall","personal_desirability",4
70,"linear_rise_sharp_fall_exp_rise","personal_desirability",79
71,"linear_rise","personal_desirability",0
71,"linear_fall","personal_desirability",63
71,"linear_low","personal_desirability",11
71,"linear_middle","personal_desirability",53
71,"linear_high","personal_desirability",100
71,"exp_rise_convex","personal_desirability",38
71,"exp_fall_convex","personal_desirability",8
71,"exp_rise_concave","personal_desirability",80
71,"exp_fall_concave","personal_desirability",14
71,"sin_fr_full","personal_desirability",55
71,"sin_fr_partial","personal_desirability",8
71,"sin_rf_full","personal_desirability",26
71,"sin_rf_partial","personal_desirability",73
71,"sin_rfr_full","personal_desirability",25
71,"sin_rfr_partial","personal_desirability",36
71,"sin_frf_full","personal_desirability",40
71,"sin_frf_partial","personal_desirability",6
71,"sin_frfr","personal_desirability",16
71,"sin_rfrf","personal_desirability",16
71,"logistic_rise","personal_desirability",41
71,"logistic_fall","personal_desirability",26
71,"positive_change_full","personal_desirability",8
71,"positive_change_partial","personal_desirability",28
71,"negative_change_full","personal_desirability",18
71,"negative_change_partial","personal_desirability",21
71,"linear_rise_sharp_fall","personal_desirability",12
71,"linear_rise_sharp_fall_exp_rise","personal_desirability",25
72,"linear_rise","personal_desirability",30
72,"linear_fall","personal_desirability",18
72,"linear_low","personal_desirability",11
72,"linear_middle","personal_desirability",54
72,"linear_high","personal_desirability",97
72,"exp_rise_convex","personal_desirability",8
72,"exp_fall_convex","personal_desirability",38
72,"exp_rise_concave","personal_desirability",51
72,"exp_fall_concave","personal_desirability",39
72,"sin_fr_full","personal_desirability",31
72,"sin_fr_partial","personal_desirability",87
72,"sin_rf_full","personal_desirability",34
72,"sin_rf_partial","personal_desirability",30
72,"sin_rfr_full","personal_desirability",54
72,"sin_rfr_partial","personal_desirability",47
72,"sin_frf_full","personal_desirability",43
72,"sin_frf_partial","personal_desirability",55
72,"sin_frfr","personal_desirability",53
72,"sin_rfrf","personal_desirability",41
72,"logistic_rise","personal_desirability",40
72,"logistic_fall","personal_desirability",43
72,"positive_change_full","personal_desirability",51
72,"positive_change_partial","personal_desirability",42
72,"negative_change_full","personal_desirability",35
72,"negative_change_partial","personal_desirability",69
72,"linear_rise_sharp_fall","personal_desirability",34
72,"linear_rise_sharp_fall_exp_rise","personal_desirability",61
73,"linear_rise","personal_desirability",83
73,"linear_fall","personal_desirability",14
73,"linear_low","personal_desirability",95
73,"linear_middle","personal_desirability",100
73,"linear_high","personal_desirability",100
73,"exp_rise_convex","personal_desirability",80
73,"exp_fall_convex","personal_desirability",11
73,"exp_rise_concave","personal_desirability",90
73,"exp_fall_concave","personal_desirability",10
73,"sin_fr_full","personal_desirability",73
73,"sin_fr_partial","personal_desirability",83
73,"sin_rf_full","personal_desirability",50
73,"sin_rf_partial","personal_desirability",29
73,"sin_rfr_full","personal_desirability",55
73,"sin_rfr_partial","personal_desirability",25
73,"sin_frf_full","personal_desirability",24
73,"sin_frf_partial","personal_desirability",39
73,"sin_frfr","personal_desirability",65
73,"sin_rfrf","personal_desirability",56
73,"logistic_rise","personal_desirability",99
73,"logistic_fall","personal_desirability",37
73,"positive_change_full","personal_desirability",76
73,"positive_change_partial","personal_desirability",58
73,"negative_change_full","personal_desirability",82
73,"negative_change_partial","personal_desirability",51
73,"linear_rise_sharp_fall","personal_desirability",84
73,"linear_rise_sharp_fall_exp_rise","personal_desirability",79
74,"linear_rise","personal_desirability",65
74,"linear_fall","personal_desirability",9
74,"linear_low","personal_desirability",0
74,"linear_middle","personal_desirability",75
74,"linear_high","personal_desirability",100
74,"exp_rise_convex","personal_desirability",45
74,"exp_fall_convex","personal_desirability",15
74,"exp_rise_concave","personal_desirability",96
74,"exp_fall_concave","personal_desirability",6
74,"sin_fr_full","personal_desirability",18
74,"sin_fr_partial","personal_desirability",25
74,"sin_rf_full","personal_desirability",35
74,"sin_rf_partial","personal_desirability",25
74,"sin_rfr_full","personal_desirability",55
74,"sin_rfr_partial","personal_desirability",15
74,"sin_frf_full","personal_desirability",55
74,"sin_frf_partial","personal_desirability",50
74,"sin_frfr","personal_desirability",20
74,"sin_rfrf","personal_desirability",35
74,"logistic_rise","personal_desirability",65
74,"logistic_fall","personal_desirability",10
74,"positive_change_full","personal_desirability",45
74,"positive_change_partial","personal_desirability",20
74,"negative_change_full","personal_desirability",16
74,"negative_change_partial","personal_desirability",61
74,"linear_rise_sharp_fall","personal_desirability",5
74,"linear_rise_sharp_fall_exp_rise","personal_desirability",40
75,"linear_rise","personal_desirability",100
75,"linear_fall","personal_desirability",15
75,"linear_low","personal_desirability",6
75,"linear_middle","personal_desirability",64
75,"linear_high","personal_desirability",100
75,"exp_rise_convex","personal_desirability",100
75,"exp_fall_convex","personal_desirability",2
75,"exp_rise_concave","personal_desirability",100
75,"exp_fall_concave","personal_desirability",32
75,"sin_fr_full","personal_desirability",68
75,"sin_fr_partial","personal_desirability",78
75,"sin_rf_full","personal_desirability",17
75,"sin_rf_partial","personal_desirability",5
75,"sin_rfr_full","personal_desirability",29
75,"sin_rfr_partial","personal_desirability",61
75,"sin_frf_full","personal_desirability",42
75,"sin_frf_partial","personal_desirability",50
75,"sin_frfr","personal_desirability",66
75,"sin_rfrf","personal_desirability",51
75,"logistic_rise","personal_desirability",100
75,"logistic_fall","personal_desirability",4
75,"positive_change_full","personal_desirability",58
75,"positive_change_partial","personal_desirability",80
75,"negative_change_full","personal_desirability",12
75,"negative_change_partial","personal_desirability",46
75,"linear_rise_sharp_fall","personal_desirability",6
75,"linear_rise_sharp_fall_exp_rise","personal_desirability",83
76,"linear_rise","personal_desirability",80
76,"linear_fall","personal_desirability",1
76,"linear_low","personal_desirability",1
76,"linear_middle","personal_desirability",75
76,"linear_high","personal_desirability",100
76,"exp_rise_convex","personal_desirability",90
76,"exp_fall_convex","personal_desirability",1
76,"exp_rise_concave","personal_desirability",95
76,"exp_fall_concave","personal_desirability",1
76,"sin_fr_full","personal_desirability",5
76,"sin_fr_partial","personal_desirability",10
76,"sin_rf_full","personal_desirability",10
76,"sin_rf_partial","personal_desirability",1
76,"sin_rfr_full","personal_desirability",30
76,"sin_rfr_partial","personal_desirability",20
76,"sin_frf_full","personal_desirability",5
76,"sin_frf_partial","personal_desirability",30
76,"sin_frfr","personal_desirability",60
76,"sin_rfrf","personal_desirability",20
76,"logistic_rise","personal_desirability",55
76,"logistic_fall","personal_desirability",1
76,"positive_change_full","personal_desirability",2
76,"positive_change_partial","personal_desirability",1
76,"negative_change_full","personal_desirability",10
76,"negative_change_partial","personal_desirability",10
76,"linear_rise_sharp_fall","personal_desirability",15
76,"linear_rise_sharp_fall_exp_rise","personal_desirability",10
77,"linear_rise","personal_desirability",78
77,"linear_fall","personal_desirability",16
77,"linear_low","personal_desirability",0
77,"linear_middle","personal_desirability",50
77,"linear_high","personal_desirability",100
77,"exp_rise_convex","personal_desirability",40
77,"exp_fall_convex","personal_desirability",11
77,"exp_rise_concave","personal_desirability",88
77,"exp_fall_concave","personal_desirability",76
77,"sin_fr_full","personal_desirability",28
77,"sin_fr_partial","personal_desirability",62
77,"sin_rf_full","personal_desirability",24
77,"sin_rf_partial","personal_desirability",16
77,"sin_rfr_full","personal_desirability",62
77,"sin_rfr_partial","personal_desirability",47
77,"sin_frf_full","personal_desirability",31
77,"sin_frf_partial","personal_desirability",19
77,"sin_frfr","personal_desirability",41
77,"sin_rfrf","personal_desirability",28
77,"logistic_rise","personal_desirability",74
77,"logistic_fall","personal_desirability",25
77,"positive_change_full","personal_desirability",14
77,"positive_change_partial","personal_desirability",21
77,"negative_change_full","personal_desirability",43
77,"negative_change_partial","personal_desirability",73
77,"linear_rise_sharp_fall","personal_desirability",15
77,"linear_rise_sharp_fall_exp_rise","personal_desirability",44
78,"linear_rise","personal_desirability",31
78,"linear_fall","personal_desirability",6
78,"linear_low","personal_desirability",1
78,"linear_middle","personal_desirability",52
78,"linear_high","personal_desirability",73
78,"exp_rise_convex","personal_desirability",5
78,"exp_fall_convex","personal_desirability",9
78,"exp_rise_concave","personal_desirability",89
78,"exp_fall_concave","personal_desirability",62
78,"sin_fr_full","personal_desirability",24
78,"sin_fr_partial","personal_desirability",68
78,"sin_rf_full","personal_desirability",50
78,"sin_rf_partial","personal_desirability",4
78,"sin_rfr_full","personal_desirability",23
78,"sin_rfr_partial","personal_desirability",21
78,"sin_frf_full","personal_desirability",45
78,"sin_frf_partial","personal_desirability",27
78,"sin_frfr","personal_desirability",67
78,"sin_rfrf","personal_desirability",30
78,"logistic_rise","personal_desirability",47
78,"logistic_fall","personal_desirability",5
78,"positive_change_full","personal_desirability",25
78,"positive_change_partial","personal_desirability",42
78,"negative_change_full","personal_desirability",39
78,"negative_change_partial","personal_desirability",60
78,"linear_rise_sharp_fall","personal_desirability",18
78,"linear_rise_sharp_fall_exp_rise","personal_desirability",50
79,"linear_rise","personal_desirability",94
79,"linear_fall","personal_desirability",1
79,"linear_low","personal_desirability",1
79,"linear_middle","personal_desirability",1
79,"linear_high","personal_desirability",91
79,"exp_rise_convex","personal_desirability",9
79,"exp_fall_convex","personal_desirability",1
79,"exp_rise_concave","personal_desirability",100
79,"exp_fall_concave","personal_desirability",100
79,"sin_fr_full","personal_desirability",6
79,"sin_fr_partial","personal_desirability",8
79,"sin_rf_full","personal_desirability",69
79,"sin_rf_partial","personal_desirability",60
79,"sin_rfr_full","personal_desirability",8
79,"sin_rfr_partial","personal_desirability",24
79,"sin_frf_full","personal_desirability",61
79,"sin_frf_partial","personal_desirability",8
79,"sin_frfr","personal_desirability",51
79,"sin_rfrf","personal_desirability",22
79,"logistic_rise","personal_desirability",1
79,"logistic_fall","personal_desirability",1
79,"positive_change_full","personal_desirability",1
79,"positive_change_partial","personal_desirability",9
79,"negative_change_full","personal_desirability",26
79,"negative_change_partial","personal_desirability",42
79,"linear_rise_sharp_fall","personal_desirability",0
79,"linear_rise_sharp_fall_exp_rise","personal_desirability",41
80,"linear_rise","personal_desirability",60
80,"linear_fall","personal_desirability",30
80,"linear_low","personal_desirability",5
80,"linear_middle","personal_desirability",70
80,"linear_high","personal_desirability",85
80,"exp_rise_convex","personal_desirability",45
80,"exp_fall_convex","personal_desirability",40
80,"exp_rise_concave","personal_desirability",55
80,"exp_fall_concave","personal_desirability",50
80,"sin_fr_full","personal_desirability",40
80,"sin_fr_partial","personal_desirability",30
80,"sin_rf_full","personal_desirability",45
80,"sin_rf_partial","personal_desirability",55
80,"sin_rfr_full","personal_desirability",45
80,"sin_rfr_partial","personal_desirability",40
80,"sin_frf_full","personal_desirability",35
80,"sin_frf_partial","personal_desirability",40
80,"sin_frfr","personal_desirability",40
80,"sin_rfrf","personal_desirability",30
80,"logistic_rise","personal_desirability",45
80,"logistic_fall","personal_desirability",35
80,"positive_change_full","personal_desirability",35
80,"positive_change_partial","personal_desirability",25
80,"negative_change_full","personal_desirability",45
80,"negative_change_partial","personal_desirability",40
80,"linear_rise_sharp_fall","personal_desirability",20
80,"linear_rise_sharp_fall_exp_rise","personal_desirability",40
81,"linear_rise","personal_desirability",100
81,"linear_fall","personal_desirability",26
81,"linear_low","personal_desirability",1
81,"linear_middle","personal_desirability",43
81,"linear_high","personal_desirability",100
81,"exp_rise_convex","personal_desirability",12
81,"exp_fall_convex","personal_desirability",15
81,"exp_rise_concave","personal_desirability",76
81,"exp_fall_concave","personal_desirability",51
81,"sin_fr_full","personal_desirability",56
81,"sin_fr_partial","personal_desirability",28
81,"sin_rf_full","personal_desirability",60
81,"sin_rf_partial","personal_desirability",9
81,"sin_rfr_full","personal_desirability",52
81,"sin_rfr_partial","personal_desirability",51
81,"sin_frf_full","personal_desirability",32
81,"sin_frf_partial","personal_desirability",50
81,"sin_frfr","personal_desirability",26
81,"sin_rfrf","personal_desirability",36
81,"logistic_rise","personal_desirability",47
81,"logistic_fall","personal_desirability",6
81,"positive_change_full","personal_desirability",42
81,"positive_change_partial","personal_desirability",30
81,"negative_change_full","personal_desirability",31
81,"negative_change_partial","personal_desirability",62
81,"linear_rise_sharp_fall","personal_desirability",4
81,"linear_rise_sharp_fall_exp_rise","personal_desirability",39
82,"linear_rise","personal_desirability",82
82,"linear_fall","personal_desirability",58
82,"linear_low","personal_desirability",5
82,"linear_middle","personal_desirability",82
82,"linear_high","personal_desirability",95
82,"exp_rise_convex","personal_desirability",68
82,"exp_fall_convex","personal_desirability",62
82,"exp_rise_concave","personal_desirability",84
82,"exp_fall_concave","personal_desirability",69
82,"sin_fr_full","personal_desirability",46
82,"sin_fr_partial","personal_desirability",75
82,"sin_rf_full","personal_desirability",61
82,"sin_rf_partial","personal_desirability",68
82,"sin_rfr_full","personal_desirability",61
82,"sin_rfr_partial","personal_desirability",60
82,"sin_frf_full","personal_desirability",76
82,"sin_frf_partial","personal_desirability",85
82,"sin_frfr","personal_desirability",57
82,"sin_rfrf","personal_desirability",54
82,"logistic_rise","personal_desirability",72
82,"logistic_fall","personal_desirability",39
82,"positive_change_full","personal_desirability",56
82,"positive_change_partial","personal_desirability",74
82,"negative_change_full","personal_desirability",61
82,"negative_change_partial","personal_desirability",73
82,"linear_rise_sharp_fall","personal_desirability",48
82,"linear_rise_sharp_fall_exp_rise","personal_desirability",63
83,"linear_rise","personal_desirability",100
83,"linear_fall","personal_desirability",6
83,"linear_low","personal_desirability",1
83,"linear_middle","personal_desirability",21
83,"linear_high","personal_desirability",100
83,"exp_rise_convex","personal_desirability",98
83,"exp_fall_convex","personal_desirability",1
83,"exp_rise_concave","personal_desirability",86
83,"exp_fall_concave","personal_desirability",1
83,"sin_fr_full","personal_desirability",82
83,"sin_fr_partial","personal_desirability",82
83,"sin_rf_full","personal_desirability",8
83,"sin_rf_partial","personal_desirability",5
83,"sin_rfr_full","personal_desirability",43
83,"sin_rfr_partial","personal_desirability",40
83,"sin_frf_full","personal_desirability",31
83,"sin_frf_partial","personal_desirability",7
83,"sin_frfr","personal_desirability",24
83,"sin_rfrf","personal_desirability",11
83,"logistic_rise","personal_desirability",79
83,"logistic_fall","personal_desirability",4
83,"positive_change_full","personal_desirability",32
83,"positive_change_partial","personal_desirability",3
83,"negative_change_full","personal_desirability",8
83,"negative_change_partial","personal_desirability",25
83,"linear_rise_sharp_fall","personal_desirability",4
83,"linear_rise_sharp_fall_exp_rise","personal_desirability",66
84,"linear_rise","personal_desirability",70
84,"linear_fall","personal_desirability",3
84,"linear_low","personal_desirability",0
84,"linear_middle","personal_desirability",72
84,"linear_high","personal_desirability",91
84,"exp_rise_convex","personal_desirability",58
84,"exp_fall_convex","personal_desirability",5
84,"exp_rise_concave","personal_desirability",77
84,"exp_fall_concave","personal_desirability",43
84,"sin_fr_full","personal_desirability",72
84,"sin_fr_partial","personal_desirability",85
84,"sin_rf_full","personal_desirability",22
84,"sin_rf_partial","personal_desirability",46
84,"sin_rfr_full","personal_desirability",46
84,"sin_rfr_partial","personal_desirability",73
84,"sin_frf_full","personal_desirability",46
84,"sin_frf_partial","personal_desirability",44
84,"sin_frfr","personal_desirability",42
84,"sin_rfrf","personal_desirability",30
84,"logistic_rise","personal_desirability",28
84,"logistic_fall","personal_desirability",19
84,"positive_change_full","personal_desirability",69
84,"positive_change_partial","personal_desirability",89
84,"negative_change_full","personal_desirability",29
84,"negative_change_partial","personal_desirability",74
84,"linear_rise_sharp_fall","personal_desirability",5
84,"linear_rise_sharp_fall_exp_rise","personal_desirability",54
85,"linear_rise","personal_desirability",80
85,"linear_fall","personal_desirability",0
85,"linear_low","personal_desirability",0
85,"linear_middle","personal_desirability",100
85,"linear_high","personal_desirability",100
85,"exp_rise_convex","personal_desirability",35
85,"exp_fall_convex","personal_desirability",0
85,"exp_rise_concave","personal_desirability",90
85,"exp_fall_concave","personal_desirability",60
85,"sin_fr_full","personal_desirability",25
85,"sin_fr_partial","personal_desirability",60
85,"sin_rf_full","personal_desirability",50
85,"sin_rf_partial","personal_desirability",30
85,"sin_rfr_full","personal_desirability",20
85,"sin_rfr_partial","personal_desirability",15
85,"sin_frf_full","personal_desirability",20
85,"sin_frf_partial","personal_desirability",40
85,"sin_frfr","personal_desirability",0
85,"sin_rfrf","personal_desirability",20
85,"logistic_rise","personal_desirability",40
85,"logistic_fall","personal_desirability",0
85,"positive_change_full","personal_desirability",10
85,"positive_change_partial","personal_desirability",0
85,"negative_change_full","personal_desirability",70
85,"negative_change_partial","personal_desirability",70
85,"linear_rise_sharp_fall","personal_desirability",0
85,"linear_rise_sharp_fall_exp_rise","personal_desirability",45
86,"linear_rise","personal_desirability",80
86,"linear_fall","personal_desirability",13
86,"linear_low","personal_desirability",3
86,"linear_middle","personal_desirability",62
86,"linear_high","personal_desirability",100
86,"exp_rise_convex","personal_desirability",33
86,"exp_fall_convex","personal_desirability",21
86,"exp_rise_concave","personal_desirability",56
86,"exp_fall_concave","personal_desirability",10
86,"sin_fr_full","personal_desirability",65
86,"sin_fr_partial","personal_desirability",70
86,"sin_rf_full","personal_desirability",23
86,"sin_rf_partial","personal_desirability",20
86,"sin_rfr_full","personal_desirability",65
86,"sin_rfr_partial","personal_desirability",66
86,"sin_frf_full","personal_desirability",24
86,"sin_frf_partial","personal_desirability",18
86,"sin_frfr","personal_desirability",59
86,"sin_rfrf","personal_desirability",48
86,"logistic_rise","personal_desirability",75
86,"logistic_fall","personal_desirability",0
86,"positive_change_full","personal_desirability",40
86,"positive_change_partial","personal_desirability",38
86,"negative_change_full","personal_desirability",25
86,"negative_change_partial","personal_desirability",44
86,"linear_rise_sharp_fall","personal_desirability",24
86,"linear_rise_sharp_fall_exp_rise","personal_desirability",64
87,"linear_rise","personal_desirability",13
87,"linear_fall","personal_desirability",7
87,"linear_low","personal_desirability",5
87,"linear_middle","personal_desirability",22
87,"linear_high","personal_desirability",100
87,"exp_rise_convex","personal_desirability",42
87,"exp_fall_convex","personal_desirability",45
87,"exp_rise_concave","personal_desirability",15
87,"exp_fall_concave","personal_desirability",30
87,"sin_fr_full","personal_desirability",59
87,"sin_fr_partial","personal_desirability",51
87,"sin_rf_full","personal_desirability",54
87,"sin_rf_partial","personal_desirability",44
87,"sin_rfr_full","personal_desirability",24
87,"sin_rfr_partial","personal_desirability",60
87,"sin_frf_full","personal_desirability",28
87,"sin_frf_partial","personal_desirability",14
87,"sin_frfr","personal_desirability",35
87,"sin_rfrf","personal_desirability",41
87,"logistic_rise","personal_desirability",53
87,"logistic_fall","personal_desirability",82
87,"positive_change_full","personal_desirability",53
87,"positive_change_partial","personal_desirability",44
87,"negative_change_full","personal_desirability",28
87,"negative_change_partial","personal_desirability",21
87,"linear_rise_sharp_fall","personal_desirability",78
87,"linear_rise_sharp_fall_exp_rise","personal_desirability",34
88,"linear_rise","personal_desirability",60
88,"linear_fall","personal_desirability",1
88,"linear_low","personal_desirability",0
88,"linear_middle","personal_desirability",45
88,"linear_high","personal_desirability",100
88,"exp_rise_convex","personal_desirability",45
88,"exp_fall_convex","personal_desirability",0
88,"exp_rise_concave","personal_desirability",100
88,"exp_fall_concave","personal_desirability",10
88,"sin_fr_full","personal_desirability",10
88,"sin_fr_partial","personal_desirability",60
88,"sin_rf_full","personal_desirability",10
88,"sin_rf_partial","personal_desirability",1
88,"sin_rfr_full","personal_desirability",20
88,"sin_rfr_partial","personal_desirability",20
88,"sin_frf_full","personal_desirability",20
88,"sin_frf_partial","personal_desirability",1
88,"sin_frfr","personal_desirability",1
88,"sin_rfrf","personal_desirability",21
88,"logistic_rise","personal_desirability",60
88,"logistic_fall","personal_desirability",0
88,"positive_change_full","personal_desirability",5
88,"positive_change_partial","personal_desirability",30
88,"negative_change_full","personal_desirability",45
88,"negative_change_partial","personal_desirability",70
88,"linear_rise_sharp_fall","personal_desirability",5
88,"linear_rise_sharp_fall_exp_rise","personal_desirability",20
89,"linear_rise","personal_desirability",85
89,"linear_fall","personal_desirability",3
89,"linear_low","personal_desirability",0
89,"linear_middle","personal_desirability",0
89,"linear_high","personal_desirability",0
89,"exp_rise_convex","personal_desirability",100
89,"exp_fall_convex","personal_desirability",27
89,"exp_rise_concave","personal_desirability",52
89,"exp_fall_concave","personal_desirability",0
89,"sin_fr_full","personal_desirability",71
89,"sin_fr_partial","personal_desirability",91
89,"sin_rf_full","personal_desirability",7
89,"sin_rf_partial","personal_desirability",7
89,"sin_rfr_full","personal_desirability",64
89,"sin_rfr_partial","personal_desirability",68
89,"sin_frf_full","personal_desirability",15
89,"sin_frf_partial","personal_desirability",35
89,"sin_frfr","personal_desirability",12
89,"sin_rfrf","personal_desirability",26
89,"logistic_rise","personal_desirability",9
89,"logistic_fall","personal_desirability",8
89,"positive_change_full","personal_desirability",31
89,"positive_change_partial","personal_desirability",0
89,"negative_change_full","personal_desirability",31
89,"negative_change_partial","personal_desirability",0
89,"linear_rise_sharp_fall","personal_desirability",0
89,"linear_rise_sharp_fall_exp_rise","personal_desirability",51
90,"linear_rise","personal_desirability",61
90,"linear_fall","personal_desirability",50
90,"linear_low","personal_desirability",0
90,"linear_middle","personal_desirability",81
90,"linear_high","personal_desirability",100
90,"exp_rise_convex","personal_desirability",55
90,"exp_fall_convex","personal_desirability",15
90,"exp_rise_concave","personal_desirability",75
90,"exp_fall_concave","personal_desirability",71
90,"sin_fr_full","personal_desirability",40
90,"sin_fr_partial","personal_desirability",45
90,"sin_rf_full","personal_desirability",30
90,"sin_rf_partial","personal_desirability",30
90,"sin_rfr_full","personal_desirability",60
90,"sin_rfr_partial","personal_desirability",55
90,"sin_frf_full","personal_desirability",40
90,"sin_frf_partial","personal_desirability",30
90,"sin_frfr","personal_desirability",50
90,"sin_rfrf","personal_desirability",45
90,"logistic_rise","personal_desirability",30
90,"logistic_fall","personal_desirability",10
90,"positive_change_full","personal_desirability",30
90,"positive_change_partial","personal_desirability",25
90,"negative_change_full","personal_desirability",25
90,"negative_change_partial","personal_desirability",30
90,"linear_rise_sharp_fall","personal_desirability",10
90,"linear_rise_sharp_fall_exp_rise","personal_desirability",30
91,"linear_rise","personal_desirability",60
91,"linear_fall","personal_desirability",0
91,"linear_low","personal_desirability",0
91,"linear_middle","personal_desirability",20
91,"linear_high","personal_desirability",100
91,"exp_rise_convex","personal_desirability",40
91,"exp_fall_convex","personal_desirability",0
91,"exp_rise_concave","personal_desirability",60
91,"exp_fall_concave","personal_desirability",0
91,"sin_fr_full","personal_desirability",0
91,"sin_fr_partial","personal_desirability",40
91,"sin_rf_full","personal_desirability",0
91,"sin_rf_partial","personal_desirability",0
91,"sin_rfr_full","personal_desirability",0
91,"sin_rfr_partial","personal_desirability",0
91,"sin_frf_full","personal_desirability",0
91,"sin_frf_partial","personal_desirability",0
91,"sin_frfr","personal_desirability",0
91,"sin_rfrf","personal_desirability",0
91,"logistic_rise","personal_desirability",50
91,"logistic_fall","personal_desirability",0
91,"positive_change_full","personal_desirability",0
91,"positive_change_partial","personal_desirability",0
91,"negative_change_full","personal_desirability",30
91,"negative_change_partial","personal_desirability",35
91,"linear_rise_sharp_fall","personal_desirability",0
91,"linear_rise_sharp_fall_exp_rise","personal_desirability",20
92,"linear_rise","personal_desirability",75
92,"linear_fall","personal_desirability",0
92,"linear_low","personal_desirability",0
92,"linear_middle","personal_desirability",40
92,"linear_high","personal_desirability",95
92,"exp_rise_convex","personal_desirability",55
92,"exp_fall_convex","personal_desirability",5
92,"exp_rise_concave","personal_desirability",90
92,"exp_fall_concave","personal_desirability",15
92,"sin_fr_full","personal_desirability",30
92,"sin_fr_partial","personal_desirability",70
92,"sin_rf_full","personal_desirability",10
92,"sin_rf_partial","personal_desirability",15
92,"sin_rfr_full","personal_desirability",25
92,"sin_rfr_partial","personal_desirability",55
92,"sin_frf_full","personal_desirability",30
92,"sin_frf_partial","personal_desirability",35
92,"sin_frfr","personal_desirability",15
92,"sin_rfrf","personal_desirability",20
92,"logistic_rise","personal_desirability",45
92,"logistic_fall","personal_desirability",5
92,"positive_change_full","personal_desirability",25
92,"positive_change_partial","personal_desirability",25
92,"negative_change_full","personal_desirability",20
92,"negative_change_partial","personal_desirability",30
92,"linear_rise_sharp_fall","personal_desirability",0
92,"linear_rise_sharp_fall_exp_rise","personal_desirability",45
93,"linear_rise","personal_desirability",80
93,"linear_fall","personal_desirability",0
93,"linear_low","personal_desirability",0
93,"linear_middle","personal_desirability",0
93,"linear_high","personal_desirability",90
93,"exp_rise_convex","personal_desirability",57
93,"exp_fall_convex","personal_desirability",0
93,"exp_rise_concave","personal_desirability",90
93,"exp_fall_concave","personal_desirability",10
93,"sin_fr_full","personal_desirability",8
93,"sin_fr_partial","personal_desirability",60
93,"sin_rf_full","personal_desirability",2
93,"sin_rf_partial","personal_desirability",5
93,"sin_rfr_full","personal_desirability",2
93,"sin_rfr_partial","personal_desirability",35
93,"sin_frf_full","personal_desirability",11
93,"sin_frf_partial","personal_desirability",0
93,"sin_frfr","personal_desirability",1
93,"sin_rfrf","personal_desirability",0
93,"logistic_rise","personal_desirability",56
93,"logistic_fall","personal_desirability",0
93,"positive_change_full","personal_desirability",8
93,"positive_change_partial","personal_desirability",0
93,"negative_change_full","personal_desirability",0
93,"negative_change_partial","personal_desirability",5
93,"linear_rise_sharp_fall","personal_desirability",0
93,"linear_rise_sharp_fall_exp_rise","personal_desirability",5
94,"linear_rise","personal_desirability",51
94,"linear_fall","personal_desirability",3
94,"linear_low","personal_desirability",0
94,"linear_middle","personal_desirability",45
94,"linear_high","personal_desirability",100
94,"exp_rise_convex","personal_desirability",39
94,"exp_fall_convex","personal_desirability",17
94,"exp_rise_concave","personal_desirability",71
94,"exp_fall_concave","personal_desirability",35
94,"sin_fr_full","personal_desirability",55
94,"sin_fr_partial","personal_desirability",62
94,"sin_rf_full","personal_desirability",44
94,"sin_rf_partial","personal_desirability",25
94,"sin_rfr_full","personal_desirability",59
94,"sin_rfr_partial","personal_desirability",56
94,"sin_frf_full","personal_desirability",55
94,"sin_frf_partial","personal_desirability",35
94,"sin_frfr","personal_desirability",61
94,"sin_rfrf","personal_desirability",41
94,"logistic_rise","personal_desirability",56
94,"logistic_fall","personal_desirability",10
94,"positive_change_full","personal_desirability",54
94,"positive_change_partial","personal_desirability",32
94,"negative_change_full","personal_desirability",40
94,"negative_change_partial","personal_desirability",75
94,"linear_rise_sharp_fall","personal_desirability",9
94,"linear_rise_sharp_fall_exp_rise","personal_desirability",26
95,"linear_rise","personal_desirability",100
95,"linear_fall","personal_desirability",0
95,"linear_low","personal_desirability",0
95,"linear_middle","personal_desirability",40
95,"linear_high","personal_desirability",100
95,"exp_rise_convex","personal_desirability",80
95,"exp_fall_convex","personal_desirability",0
95,"exp_rise_concave","personal_desirability",100
95,"exp_fall_concave","personal_desirability",0
95,"sin_fr_full","personal_desirability",100
95,"sin_fr_partial","personal_desirability",100
95,"sin_rf_full","personal_desirability",10
95,"sin_rf_partial","personal_desirability",0
95,"sin_rfr_full","personal_desirability",90
95,"sin_rfr_partial","personal_desirability",95
95,"sin_frf_full","personal_desirability",20
95,"sin_frf_partial","personal_desirability",0
95,"sin_frfr","personal_desirability",100
95,"sin_rfrf","personal_desirability",0
95,"logistic_rise","personal_desirability",100
95,"logistic_fall","personal_desirability",0
95,"positive_change_full","personal_desirability",100
95,"positive_change_partial","personal_desirability",50
95,"negative_change_full","personal_desirability",0
95,"negative_change_partial","personal_desirability",0
95,"linear_rise_sharp_fall","personal_desirability",0
95,"linear_rise_sharp_fall_exp_rise","personal_desirability",100
96,"linear_rise","personal_desirability",70
96,"linear_fall","personal_desirability",5
96,"linear_low","personal_desirability",0
96,"linear_middle","personal_desirability",65
96,"linear_high","personal_desirability",90
96,"exp_rise_convex","personal_desirability",30
96,"exp_fall_convex","personal_desirability",5
96,"exp_rise_concave","personal_desirability",85
96,"exp_fall_concave","personal_desirability",40
96,"sin_fr_full","personal_desirability",35
96,"sin_fr_partial","personal_desirability",65
96,"sin_rf_full","personal_desirability",25
96,"sin_rf_partial","personal_desirability",10
96,"sin_rfr_full","personal_desirability",30
96,"sin_rfr_partial","personal_desirability",60
96,"sin_frf_full","personal_desirability",20
96,"sin_frf_partial","personal_desirability",40
96,"sin_frfr","personal_desirability",40
96,"sin_rfrf","personal_desirability",40
96,"logistic_rise","personal_desirability",45
96,"logistic_fall","personal_desirability",10
96,"positive_change_full","personal_desirability",20
96,"positive_change_partial","personal_desirability",15
96,"negative_change_full","personal_desirability",35
96,"negative_change_partial","personal_desirability",75
96,"linear_rise_sharp_fall","personal_desirability",0
96,"linear_rise_sharp_fall_exp_rise","personal_desirability",60
97,"linear_rise","personal_desirability",49
97,"linear_fall","personal_desirability",3
97,"linear_low","personal_desirability",0
97,"linear_middle","personal_desirability",40
97,"linear_high","personal_desirability",100
97,"exp_rise_convex","personal_desirability",82
97,"exp_fall_convex","personal_desirability",28
97,"exp_rise_concave","personal_desirability",100
97,"exp_fall_concave","personal_desirability",29
97,"sin_fr_full","personal_desirability",91
97,"sin_fr_partial","personal_desirability",61
97,"sin_rf_full","personal_desirability",3
97,"sin_rf_partial","personal_desirability",0
97,"sin_rfr_full","personal_desirability",24
97,"sin_rfr_partial","personal_desirability",9
97,"sin_frf_full","personal_desirability",11
97,"sin_frf_partial","personal_desirability",0
97,"sin_frfr","personal_desirability",35
97,"sin_rfrf","personal_desirability",8
97,"logistic_rise","personal_desirability",23
97,"logistic_fall","personal_desirability",11
97,"positive_change_full","personal_desirability",18
97,"positive_change_partial","personal_desirability",6
97,"negative_change_full","personal_desirability",10
97,"negative_change_partial","personal_desirability",76
97,"linear_rise_sharp_fall","personal_desirability",0
97,"linear_rise_sharp_fall_exp_rise","personal_desirability",84
98,"linear_rise","personal_desirability",100
98,"linear_fall","personal_desirability",0
98,"linear_low","personal_desirability",0
98,"linear_middle","personal_desirability",70
98,"linear_high","personal_desirability",100
98,"exp_rise_convex","personal_desirability",80
98,"exp_fall_convex","personal_desirability",0
98,"exp_rise_concave","personal_desirability",95
98,"exp_fall_concave","personal_desirability",30
98,"sin_fr_full","personal_desirability",0
98,"sin_fr_partial","personal_desirability",95
98,"sin_rf_full","personal_desirability",5
98,"sin_rf_partial","personal_desirability",10
98,"sin_rfr_full","personal_desirability",5
98,"sin_rfr_partial","personal_desirability",0
98,"sin_frf_full","personal_desirability",45
98,"sin_frf_partial","personal_desirability",75
98,"sin_frfr","personal_desirability",45
98,"sin_rfrf","personal_desirability",25
98,"logistic_rise","personal_desirability",95
98,"logistic_fall","personal_desirability",5
98,"positive_change_full","personal_desirability",10
98,"positive_change_partial","personal_desirability",5
98,"negative_change_full","personal_desirability",45
98,"negative_change_partial","personal_desirability",90
98,"linear_rise_sharp_fall","personal_desirability",0
98,"linear_rise_sharp_fall_exp_rise","personal_desirability",0
99,"linear_rise","personal_desirability",90
99,"linear_fall","personal_desirability",0
99,"linear_low","personal_desirability",0
99,"linear_middle","personal_desirability",50
99,"linear_high","personal_desirability",100
99,"exp_rise_convex","personal_desirability",30
99,"exp_fall_convex","personal_desirability",0
99,"exp_rise_concave","personal_desirability",100
99,"exp_fall_concave","personal_desirability",0
99,"sin_fr_full","personal_desirability",60
99,"sin_fr_partial","personal_desirability",100
99,"sin_rf_full","personal_desirability",0
99,"sin_rf_partial","personal_desirability",0
99,"sin_rfr_full","personal_desirability",10
99,"sin_rfr_partial","personal_desirability",60
99,"sin_frf_full","personal_desirability",0
99,"sin_frf_partial","personal_desirability",0
99,"sin_frfr","personal_desirability",20
99,"sin_rfrf","personal_desirability",0
99,"logistic_rise","personal_desirability",100
99,"logistic_fall","personal_desirability",0
99,"positive_change_full","personal_desirability",0
99,"positive_change_partial","personal_desirability",20
99,"negative_change_full","personal_desirability",0
99,"negative_change_partial","personal_desirability",0
99,"linear_rise_sharp_fall","personal_desirability",0
99,"linear_rise_sharp_fall_exp_rise","personal_desirability",50
100,"linear_rise","personal_desirability",54
100,"linear_fall","personal_desirability",25
100,"linear_low","personal_desirability",0
100,"linear_middle","personal_desirability",93
100,"linear_high","personal_desirability",100
100,"exp_rise_convex","personal_desirability",67
100,"exp_fall_convex","personal_desirability",10
100,"exp_rise_concave","personal_desirability",83
100,"exp_fall_concave","personal_desirability",3
100,"sin_fr_full","personal_desirability",42
100,"sin_fr_partial","personal_desirability",71
100,"sin_rf_full","personal_desirability",26
100,"sin_rf_partial","personal_desirability",98
100,"sin_rfr_full","personal_desirability",23
100,"sin_rfr_partial","personal_desirability",22
100,"sin_frf_full","personal_desirability",10
100,"sin_frf_partial","personal_desirability",41
100,"sin_frfr","personal_desirability",12
100,"sin_rfrf","personal_desirability",10
100,"logistic_rise","personal_desirability",32
100,"logistic_fall","personal_desirability",21
100,"positive_change_full","personal_desirability",9
100,"positive_change_partial","personal_desirability",5
100,"negative_change_full","personal_desirability",9
100,"negative_change_partial","personal_desirability",32
100,"linear_rise_sharp_fall","personal_desirability",5
100,"linear_rise_sharp_fall_exp_rise","personal_desirability",50
101,"linear_rise","personal_desirability",94
101,"linear_fall","personal_desirability",0
101,"linear_low","personal_desirability",0
101,"linear_middle","personal_desirability",0
101,"linear_high","personal_desirability",100
101,"exp_rise_convex","personal_desirability",70
101,"exp_fall_convex","personal_desirability",0
101,"exp_rise_concave","personal_desirability",100
101,"exp_fall_concave","personal_desirability",50
101,"sin_fr_full","personal_desirability",15
101,"sin_fr_partial","personal_desirability",85
101,"sin_rf_full","personal_desirability",31
101,"sin_rf_partial","personal_desirability",6
101,"sin_rfr_full","personal_desirability",10
101,"sin_rfr_partial","personal_desirability",10
101,"sin_frf_full","personal_desirability",40
101,"sin_frf_partial","personal_desirability",70
101,"sin_frfr","personal_desirability",15
101,"sin_rfrf","personal_desirability",10
101,"logistic_rise","personal_desirability",80
101,"logistic_fall","personal_desirability",0
101,"positive_change_full","personal_desirability",5
101,"positive_change_partial","personal_desirability",0
101,"negative_change_full","personal_desirability",55
101,"negative_change_partial","personal_desirability",60
101,"linear_rise_sharp_fall","personal_desirability",0
101,"linear_rise_sharp_fall_exp_rise","personal_desirability",60
102,"linear_rise","personal_desirability",100
102,"linear_fall","personal_desirability",0
102,"linear_low","personal_desirability",0
102,"linear_middle","personal_desirability",26
102,"linear_high","personal_desirability",80
102,"exp_rise_convex","personal_desirability",40
102,"exp_fall_convex","personal_desirability",0
102,"exp_rise_concave","personal_desirability",97
102,"exp_fall_concave","personal_desirability",0
102,"sin_fr_full","personal_desirability",24
102,"sin_fr_partial","personal_desirability",95
102,"sin_rf_full","personal_desirability",40
102,"sin_rf_partial","personal_desirability",0
102,"sin_rfr_full","personal_desirability",49
102,"sin_rfr_partial","personal_desirability",51
102,"sin_frf_full","personal_desirability",21
102,"sin_frf_partial","personal_desirability",16
102,"sin_frfr","personal_desirability",75
102,"sin_rfrf","personal_desirability",11
102,"logistic_rise","personal_desirability",54
102,"logistic_fall","personal_desirability",3
102,"positive_change_full","personal_desirability",40
102,"positive_change_partial","personal_desirability",7
102,"negative_change_full","personal_desirability",0
102,"negative_change_partial","personal_desirability",43
102,"linear_rise_sharp_fall","personal_desirability",0
102,"linear_rise_sharp_fall_exp_rise","personal_desirability",28
103,"linear_rise","personal_desirability",64
103,"linear_fall","personal_desirability",0
103,"linear_low","personal_desirability",0
103,"linear_middle","personal_desirability",75
103,"linear_high","personal_desirability",90
103,"exp_rise_convex","personal_desirability",9
103,"exp_fall_convex","personal_desirability",0
103,"exp_rise_concave","personal_desirability",63
103,"exp_fall_concave","personal_desirability",26
103,"sin_fr_full","personal_desirability",9
103,"sin_fr_partial","personal_desirability",50
103,"sin_rf_full","personal_desirability",40
103,"sin_rf_partial","personal_desirability",10
103,"sin_rfr_full","personal_desirability",13
103,"sin_rfr_partial","personal_desirability",18
103,"sin_frf_full","personal_desirability",12
103,"sin_frf_partial","personal_desirability",29
103,"sin_frfr","personal_desirability",2
103,"sin_rfrf","personal_desirability",6
103,"logistic_rise","personal_desirability",8
103,"logistic_fall","personal_desirability",3
103,"positive_change_full","personal_desirability",0
103,"positive_change_partial","personal_desirability",7
103,"negative_change_full","personal_desirability",6
103,"negative_change_partial","personal_desirability",27
103,"linear_rise_sharp_fall","personal_desirability",0
103,"linear_rise_sharp_fall_exp_rise","personal_desirability",1
104,"linear_rise","personal_desirability",72
104,"linear_fall","personal_desirability",28
104,"linear_low","personal_desirability",5
104,"linear_middle","personal_desirability",45
104,"linear_high","personal_desirability",95
104,"exp_rise_convex","personal_desirability",69
104,"exp_fall_convex","personal_desirability",33
104,"exp_rise_concave","personal_desirability",69
104,"exp_fall_concave","personal_desirability",44
104,"sin_fr_full","personal_desirability",82
104,"sin_fr_partial","personal_desirability",81
104,"sin_rf_full","personal_desirability",49
104,"sin_rf_partial","personal_desirability",38
104,"sin_rfr_full","personal_desirability",54
104,"sin_rfr_partial","personal_desirability",69
104,"sin_frf_full","personal_desirability",40
104,"sin_frf_partial","personal_desirability",41
104,"sin_frfr","personal_desirability",60
104,"sin_rfrf","personal_desirability",39
104,"logistic_rise","personal_desirability",81
104,"logistic_fall","personal_desirability",27
104,"positive_change_full","personal_desirability",74
104,"positive_change_partial","personal_desirability",24
104,"negative_change_full","personal_desirability",19
104,"negative_change_partial","personal_desirability",70
104,"linear_rise_sharp_fall","personal_desirability",30
104,"linear_rise_sharp_fall_exp_rise","personal_desirability",70
105,"linear_rise","personal_desirability",55
105,"linear_fall","personal_desirability",20
105,"linear_low","personal_desirability",0
105,"linear_middle","personal_desirability",10
105,"linear_high","personal_desirability",50
105,"exp_rise_convex","personal_desirability",35
105,"exp_fall_convex","personal_desirability",40
105,"exp_rise_concave","personal_desirability",60
105,"exp_fall_concave","personal_desirability",45
105,"sin_fr_full","personal_desirability",24
105,"sin_fr_partial","personal_desirability",41
105,"sin_rf_full","personal_desirability",35
105,"sin_rf_partial","personal_desirability",80
105,"sin_rfr_full","personal_desirability",55
105,"sin_rfr_partial","personal_desirability",35
105,"sin_frf_full","personal_desirability",66
105,"sin_frf_partial","personal_desirability",45
105,"sin_frfr","personal_desirability",40
105,"sin_rfrf","personal_desirability",60
105,"logistic_rise","personal_desirability",50
105,"logistic_fall","personal_desirability",0
105,"positive_change_full","personal_desirability",40
105,"positive_change_partial","personal_desirability",55
105,"negative_change_full","personal_desirability",25
105,"negative_change_partial","personal_desirability",10
105,"linear_rise_sharp_fall","personal_desirability",70
105,"linear_rise_sharp_fall_exp_rise","personal_desirability",65
106,"linear_rise","personal_desirability",60
106,"linear_fall","personal_desirability",0
106,"linear_low","personal_desirability",0
106,"linear_middle","personal_desirability",18
106,"linear_high","personal_desirability",100
106,"exp_rise_convex","personal_desirability",0
106,"exp_fall_convex","personal_desirability",0
106,"exp_rise_concave","personal_desirability",82
106,"exp_fall_concave","personal_desirability",0
106,"sin_fr_full","personal_desirability",81
106,"sin_fr_partial","personal_desirability",29
106,"sin_rf_full","personal_desirability",10
106,"sin_rf_partial","personal_desirability",34
106,"sin_rfr_full","personal_desirability",71
106,"sin_rfr_partial","personal_desirability",30
106,"sin_frf_full","personal_desirability",30
106,"sin_frf_partial","personal_desirability",39
106,"sin_frfr","personal_desirability",80
106,"sin_rfrf","personal_desirability",10
106,"logistic_rise","personal_desirability",56
106,"logistic_fall","personal_desirability",0
106,"positive_change_full","personal_desirability",9
106,"positive_change_partial","personal_desirability",40
106,"negative_change_full","personal_desirability",8
106,"negative_change_partial","personal_desirability",61
106,"linear_rise_sharp_fall","personal_desirability",25
106,"linear_rise_sharp_fall_exp_rise","personal_desirability",9
107,"linear_rise","personal_desirability",100
107,"linear_fall","personal_desirability",8
107,"linear_low","personal_desirability",0
107,"linear_middle","personal_desirability",83
107,"linear_high","personal_desirability",100
107,"exp_rise_convex","personal_desirability",8
107,"exp_fall_convex","personal_desirability",1
107,"exp_rise_concave","personal_desirability",90
107,"exp_fall_concave","personal_desirability",93
107,"sin_fr_full","personal_desirability",47
107,"sin_fr_partial","personal_desirability",1
107,"sin_rf_full","personal_desirability",61
107,"sin_rf_partial","personal_desirability",43
107,"sin_rfr_full","personal_desirability",6
107,"sin_rfr_partial","personal_desirability",60
107,"sin_frf_full","personal_desirability",27
107,"sin_frf_partial","personal_desirability",60
107,"sin_frfr","personal_desirability",12
107,"sin_rfrf","personal_desirability",52
107,"logistic_rise","personal_desirability",32
107,"logistic_fall","personal_desirability",1
107,"positive_change_full","personal_desirability",10
107,"positive_change_partial","personal_desirability",31
107,"negative_change_full","personal_desirability",88
107,"negative_change_partial","personal_desirability",73
107,"linear_rise_sharp_fall","personal_desirability",4
107,"linear_rise_sharp_fall_exp_rise","personal_desirability",35
108,"linear_rise","personal_desirability",38
108,"linear_fall","personal_desirability",18
108,"linear_low","personal_desirability",0
108,"linear_middle","personal_desirability",50
108,"linear_high","personal_desirability",100
108,"exp_rise_convex","personal_desirability",0
108,"exp_fall_convex","personal_desirability",13
108,"exp_rise_concave","personal_desirability",91
108,"exp_fall_concave","personal_desirability",53
108,"sin_fr_full","personal_desirability",11
108,"sin_fr_partial","personal_desirability",17
108,"sin_rf_full","personal_desirability",38
108,"sin_rf_partial","personal_desirability",44
108,"sin_rfr_full","personal_desirability",26
108,"sin_rfr_partial","personal_desirability",28
108,"sin_frf_full","personal_desirability",35
108,"sin_frf_partial","personal_desirability",25
108,"sin_frfr","personal_desirability",42
108,"sin_rfrf","personal_desirability",13
108,"logistic_rise","personal_desirability",5
108,"logistic_fall","personal_desirability",9
108,"positive_change_full","personal_desirability",27
108,"positive_change_partial","personal_desirability",10
108,"negative_change_full","personal_desirability",45
108,"negative_change_partial","personal_desirability",41
108,"linear_rise_sharp_fall","personal_desirability",0
108,"linear_rise_sharp_fall_exp_rise","personal_desirability",23
109,"linear_rise","personal_desirability",43
109,"linear_fall","personal_desirability",46
109,"linear_low","personal_desirability",4
109,"linear_middle","personal_desirability",52
109,"linear_high","personal_desirability",69
109,"exp_rise_convex","personal_desirability",54
109,"exp_fall_convex","personal_desirability",45
109,"exp_rise_concave","personal_desirability",54
109,"exp_fall_concave","personal_desirability",11
109,"sin_fr_full","personal_desirability",53
109,"sin_fr_partial","personal_desirability",53
109,"sin_rf_full","personal_desirability",47
109,"sin_rf_partial","personal_desirability",30
109,"sin_rfr_full","personal_desirability",49
109,"sin_rfr_partial","personal_desirability",60
109,"sin_frf_full","personal_desirability",42
109,"sin_frf_partial","personal_desirability",55
109,"sin_frfr","personal_desirability",37
109,"sin_rfrf","personal_desirability",30
109,"logistic_rise","personal_desirability",50
109,"logistic_fall","personal_desirability",34
109,"positive_change_full","personal_desirability",45
109,"positive_change_partial","personal_desirability",39
109,"negative_change_full","personal_desirability",55
109,"negative_change_partial","personal_desirability",61
109,"linear_rise_sharp_fall","personal_desirability",25
109,"linear_rise_sharp_fall_exp_rise","personal_desirability",86
110,"linear_rise","personal_desirability",71
110,"linear_fall","personal_desirability",0
110,"linear_low","personal_desirability",0
110,"linear_middle","personal_desirability",10
110,"linear_high","personal_desirability",100
110,"exp_rise_convex","personal_desirability",40
110,"exp_fall_convex","personal_desirability",30
110,"exp_rise_concave","personal_desirability",100
110,"exp_fall_concave","personal_desirability",5
110,"sin_fr_full","personal_desirability",20
110,"sin_fr_partial","personal_desirability",50
110,"sin_rf_full","personal_desirability",9
110,"sin_rf_partial","personal_desirability",0
110,"sin_rfr_full","personal_desirability",0
110,"sin_rfr_partial","personal_desirability",9
110,"sin_frf_full","personal_desirability",0
110,"sin_frf_partial","personal_desirability",10
110,"sin_frfr","personal_desirability",9
110,"sin_rfrf","personal_desirability",9
110,"logistic_rise","personal_desirability",50
110,"logistic_fall","personal_desirability",4
110,"positive_change_full","personal_desirability",19
110,"positive_change_partial","personal_desirability",30
110,"negative_change_full","personal_desirability",40
110,"negative_change_partial","personal_desirability",51
110,"linear_rise_sharp_fall","personal_desirability",8
110,"linear_rise_sharp_fall_exp_rise","personal_desirability",52
111,"linear_rise","personal_desirability",50
111,"linear_fall","personal_desirability",0
111,"linear_low","personal_desirability",0
111,"linear_middle","personal_desirability",96
111,"linear_high","personal_desirability",100
111,"exp_rise_convex","personal_desirability",27
111,"exp_fall_convex","personal_desirability",0
111,"exp_rise_concave","personal_desirability",84
111,"exp_fall_concave","personal_desirability",10
111,"sin_fr_full","personal_desirability",8
111,"sin_fr_partial","personal_desirability",48
111,"sin_rf_full","personal_desirability",37
111,"sin_rf_partial","personal_desirability",5
111,"sin_rfr_full","personal_desirability",35
111,"sin_rfr_partial","personal_desirability",15
111,"sin_frf_full","personal_desirability",39
111,"sin_frf_partial","personal_desirability",40
111,"sin_frfr","personal_desirability",40
111,"sin_rfrf","personal_desirability",9
111,"logistic_rise","personal_desirability",49
111,"logistic_fall","personal_desirability",0
111,"positive_change_full","personal_desirability",39
111,"positive_change_partial","personal_desirability",10
111,"negative_change_full","personal_desirability",44
111,"negative_change_partial","personal_desirability",20
111,"linear_rise_sharp_fall","personal_desirability",0
111,"linear_rise_sharp_fall_exp_rise","personal_desirability",20
112,"linear_rise","personal_desirability",14
112,"linear_fall","personal_desirability",47
112,"linear_low","personal_desirability",11
112,"linear_middle","personal_desirability",80
112,"linear_high","personal_desirability",73
112,"exp_rise_convex","personal_desirability",84
112,"exp_fall_convex","personal_desirability",78
112,"exp_rise_concave","personal_desirability",35
112,"exp_fall_concave","personal_desirability",92
112,"sin_fr_full","personal_desirability",83
112,"sin_fr_partial","personal_desirability",85
112,"sin_rf_full","personal_desirability",75
112,"sin_rf_partial","personal_desirability",83
112,"sin_rfr_full","personal_desirability",70
112,"sin_rfr_partial","personal_desirability",87
112,"sin_frf_full","personal_desirability",81
112,"sin_frf_partial","personal_desirability",72
112,"sin_frfr","personal_desirability",80
112,"sin_rfrf","personal_desirability",85
112,"logistic_rise","personal_desirability",76
112,"logistic_fall","personal_desirability",78
112,"positive_change_full","personal_desirability",53
112,"positive_change_partial","personal_desirability",53
112,"negative_change_full","personal_desirability",83
112,"negative_change_partial","personal_desirability",72
112,"linear_rise_sharp_fall","personal_desirability",77
112,"linear_rise_sharp_fall_exp_rise","personal_desirability",80
113,"linear_rise","personal_desirability",70
113,"linear_fall","personal_desirability",0
113,"linear_low","personal_desirability",0
113,"linear_middle","personal_desirability",50
113,"linear_high","personal_desirability",100
113,"exp_rise_convex","personal_desirability",0
113,"exp_fall_convex","personal_desirability",0
113,"exp_rise_concave","personal_desirability",100
113,"exp_fall_concave","personal_desirability",90
113,"sin_fr_full","personal_desirability",20
113,"sin_fr_partial","personal_desirability",0
113,"sin_rf_full","personal_desirability",60
113,"sin_rf_partial","personal_desirability",10
113,"sin_rfr_full","personal_desirability",60
113,"sin_rfr_partial","personal_desirability",0
113,"sin_frf_full","personal_desirability",0
113,"sin_frf_partial","personal_desirability",20
113,"sin_frfr","personal_desirability",0
113,"sin_rfrf","personal_desirability",0
113,"logistic_rise","personal_desirability",75
113,"logistic_fall","personal_desirability",0
113,"positive_change_full","personal_desirability",60
113,"positive_change_partial","personal_desirability",0
113,"negative_change_full","personal_desirability",30
113,"negative_change_partial","personal_desirability",90
113,"linear_rise_sharp_fall","personal_desirability",0
113,"linear_rise_sharp_fall_exp_rise","personal_desirability",0
114,"linear_rise","personal_desirability",79
114,"linear_fall","personal_desirability",32
114,"linear_low","personal_desirability",0
114,"linear_middle","personal_desirability",10
114,"linear_high","personal_desirability",100
114,"exp_rise_convex","personal_desirability",55
114,"exp_fall_convex","personal_desirability",20
114,"exp_rise_concave","personal_desirability",98
114,"exp_fall_concave","personal_desirability",96
114,"sin_fr_full","personal_desirability",85
114,"sin_fr_partial","personal_desirability",35
114,"sin_rf_full","personal_desirability",82
114,"sin_rf_partial","personal_desirability",31
114,"sin_rfr_full","personal_desirability",69
114,"sin_rfr_partial","personal_desirability",87
114,"sin_frf_full","personal_desirability",55
114,"sin_frf_partial","personal_desirability",58
114,"sin_frfr","personal_desirability",70
114,"sin_rfrf","personal_desirability",59
114,"logistic_rise","personal_desirability",79
114,"logistic_fall","personal_desirability",26
114,"positive_change_full","personal_desirability",43
114,"positive_change_partial","personal_desirability",67
114,"negative_change_full","personal_desirability",51
114,"negative_change_partial","personal_desirability",67
114,"linear_rise_sharp_fall","personal_desirability",0
114,"linear_rise_sharp_fall_exp_rise","personal_desirability",10
115,"linear_rise","personal_desirability",100
115,"linear_fall","personal_desirability",0
115,"linear_low","personal_desirability",0
115,"linear_middle","personal_desirability",71
115,"linear_high","personal_desirability",90
115,"exp_rise_convex","personal_desirability",70
115,"exp_fall_convex","personal_desirability",0
115,"exp_rise_concave","personal_desirability",100
115,"exp_fall_concave","personal_desirability",20
115,"sin_fr_full","personal_desirability",85
115,"sin_fr_partial","personal_desirability",65
115,"sin_rf_full","personal_desirability",30
115,"sin_rf_partial","personal_desirability",25
115,"sin_rfr_full","personal_desirability",90
115,"sin_rfr_partial","personal_desirability",70
115,"sin_frf_full","personal_desirability",5
115,"sin_frf_partial","personal_desirability",19
115,"sin_frfr","personal_desirability",50
115,"sin_rfrf","personal_desirability",29
115,"logistic_rise","personal_desirability",60
115,"logistic_fall","personal_desirability",0
115,"positive_change_full","personal_desirability",28
115,"positive_change_partial","personal_desirability",0
115,"negative_change_full","personal_desirability",55
115,"negative_change_partial","personal_desirability",56
115,"linear_rise_sharp_fall","personal_desirability",4
115,"linear_rise_sharp_fall_exp_rise","personal_desirability",85
116,"linear_rise","personal_desirability",75
116,"linear_fall","personal_desirability",13
116,"linear_low","personal_desirability",1
116,"linear_middle","personal_desirability",39
116,"linear_high","personal_desirability",92
116,"exp_rise_convex","personal_desirability",14
116,"exp_fall_convex","personal_desirability",12
116,"exp_rise_concave","personal_desirability",69
116,"exp_fall_concave","personal_desirability",58
116,"sin_fr_full","personal_desirability",17
116,"sin_fr_partial","personal_desirability",16
116,"sin_rf_full","personal_desirability",36
116,"sin_rf_partial","personal_desirability",13
116,"sin_rfr_full","personal_desirability",45
116,"sin_rfr_partial","personal_desirability",9
116,"sin_frf_full","personal_desirability",21
116,"sin_frf_partial","personal_desirability",38
116,"sin_frfr","personal_desirability",13
116,"sin_rfrf","personal_desirability",21
116,"logistic_rise","personal_desirability",69
116,"logistic_fall","personal_desirability",18
116,"positive_change_full","personal_desirability",19
116,"positive_change_partial","personal_desirability",23
116,"negative_change_full","personal_desirability",24
116,"negative_change_partial","personal_desirability",39
116,"linear_rise_sharp_fall","personal_desirability",20
116,"linear_rise_sharp_fall_exp_rise","personal_desirability",23
117,"linear_rise","personal_desirability",4
117,"linear_fall","personal_desirability",35
117,"linear_low","personal_desirability",73
117,"linear_middle","personal_desirability",24
117,"linear_high","personal_desirability",4
117,"exp_rise_convex","personal_desirability",12
117,"exp_fall_convex","personal_desirability",22
117,"exp_rise_concave","personal_desirability",14
117,"exp_fall_concave","personal_desirability",4
117,"sin_fr_full","personal_desirability",7
117,"sin_fr_partial","personal_desirability",40
117,"sin_rf_full","personal_desirability",35
117,"sin_rf_partial","personal_desirability",51
117,"sin_rfr_full","personal_desirability",22
117,"sin_rfr_partial","personal_desirability",16
117,"sin_frf_full","personal_desirability",20
117,"sin_frf_partial","personal_desirability",40
117,"sin_frfr","personal_desirability",24
117,"sin_rfrf","personal_desirability",21
117,"logistic_rise","personal_desirability",18
117,"logistic_fall","personal_desirability",30
117,"positive_change_full","personal_desirability",22
117,"positive_change_partial","personal_desirability",15
117,"negative_change_full","personal_desirability",25
117,"negative_change_partial","personal_desirability",33
117,"linear_rise_sharp_fall","personal_desirability",45
117,"linear_rise_sharp_fall_exp_rise","personal_desirability",19
118,"linear_rise","personal_desirability",77
118,"linear_fall","personal_desirability",36
118,"linear_low","personal_desirability",0
118,"linear_middle","personal_desirability",24
118,"linear_high","personal_desirability",100
118,"exp_rise_convex","personal_desirability",1
118,"exp_fall_convex","personal_desirability",6
118,"exp_rise_concave","personal_desirability",96
118,"exp_fall_concave","personal_desirability",72
118,"sin_fr_full","personal_desirability",56
118,"sin_fr_partial","personal_desirability",61
118,"sin_rf_full","personal_desirability",73
118,"sin_rf_partial","personal_desirability",79
118,"sin_rfr_full","personal_desirability",26
118,"sin_rfr_partial","personal_desirability",46
118,"sin_frf_full","personal_desirability",22
118,"sin_frf_partial","personal_desirability",47
118,"sin_frfr","personal_desirability",62
118,"sin_rfrf","personal_desirability",18
118,"logistic_rise","personal_desirability",34
118,"logistic_fall","personal_desirability",7
118,"positive_change_full","personal_desirability",22
118,"positive_change_partial","personal_desirability",6
118,"negative_change_full","personal_desirability",79
118,"negative_change_partial","personal_desirability",54
118,"linear_rise_sharp_fall","personal_desirability",4
118,"linear_rise_sharp_fall_exp_rise","personal_desirability",8
119,"linear_rise","personal_desirability",85
119,"linear_fall","personal_desirability",14
119,"linear_low","personal_desirability",0
119,"linear_middle","personal_desirability",72
119,"linear_high","personal_desirability",100
119,"exp_rise_convex","personal_desirability",91
119,"exp_fall_convex","personal_desirability",40
119,"exp_rise_concave","personal_desirability",94
119,"exp_fall_concave","personal_desirability",23
119,"sin_fr_full","personal_desirability",89
119,"sin_fr_partial","personal_desirability",100
119,"sin_rf_full","personal_desirability",61
119,"sin_rf_partial","personal_desirability",45
119,"sin_rfr_full","personal_desirability",30
119,"sin_rfr_partial","personal_desirability",56
119,"sin_frf_full","personal_desirability",56
119,"sin_frf_partial","personal_desirability",75
119,"sin_frfr","personal_desirability",46
119,"sin_rfrf","personal_desirability",21
119,"logistic_rise","personal_desirability",94
119,"logistic_fall","personal_desirability",3
119,"positive_change_full","personal_desirability",82
119,"positive_change_partial","personal_desirability",41
119,"negative_change_full","personal_desirability",28
119,"negative_change_partial","personal_desirability",70
119,"linear_rise_sharp_fall","personal_desirability",0
119,"linear_rise_sharp_fall_exp_rise","personal_desirability",86
120,"linear_rise","personal_desirability",71
120,"linear_fall","personal_desirability",7
120,"linear_low","personal_desirability",0
120,"linear_middle","personal_desirability",9
120,"linear_high","personal_desirability",81
120,"exp_rise_convex","personal_desirability",68
120,"exp_fall_convex","personal_desirability",3
120,"exp_rise_concave","personal_desirability",61
120,"exp_fall_concave","personal_desirability",13
120,"sin_fr_full","personal_desirability",42
120,"sin_fr_partial","personal_desirability",67
120,"sin_rf_full","personal_desirability",31
120,"sin_rf_partial","personal_desirability",14
120,"sin_rfr_full","personal_desirability",60
120,"sin_rfr_partial","personal_desirability",61
120,"sin_frf_full","personal_desirability",35
120,"sin_frf_partial","personal_desirability",30
120,"sin_frfr","personal_desirability",51
120,"sin_rfrf","personal_desirability",73
120,"logistic_rise","personal_desirability",35
120,"logistic_fall","personal_desirability",18
120,"positive_change_full","personal_desirability",20
120,"positive_change_partial","personal_desirability",10
120,"negative_change_full","personal_desirability",58
120,"negative_change_partial","personal_desirability",33
120,"linear_rise_sharp_fall","personal_desirability",25
120,"linear_rise_sharp_fall_exp_rise","personal_desirability",61
121,"linear_rise","personal_desirability",10
121,"linear_fall","personal_desirability",0
121,"linear_low","personal_desirability",0
121,"linear_middle","personal_desirability",40
121,"linear_high","personal_desirability",60
121,"exp_rise_convex","personal_desirability",5
121,"exp_fall_convex","personal_desirability",0
121,"exp_rise_concave","personal_desirability",70
121,"exp_fall_concave","personal_desirability",0
121,"sin_fr_full","personal_desirability",5
121,"sin_fr_partial","personal_desirability",5
121,"sin_rf_full","personal_desirability",0
121,"sin_rf_partial","personal_desirability",0
121,"sin_rfr_full","personal_desirability",10
121,"sin_rfr_partial","personal_desirability",5
121,"sin_frf_full","personal_desirability",5
121,"sin_frf_partial","personal_desirability",0
121,"sin_frfr","personal_desirability",15
121,"sin_rfrf","personal_desirability",0
121,"logistic_rise","personal_desirability",5
121,"logistic_fall","personal_desirability",0
121,"positive_change_full","personal_desirability",0
121,"positive_change_partial","personal_desirability",0
121,"negative_change_full","personal_desirability",0
121,"negative_change_partial","personal_desirability",5
121,"linear_rise_sharp_fall","personal_desirability",0
121,"linear_rise_sharp_fall_exp_rise","personal_desirability",5
122,"linear_rise","personal_desirability",72
122,"linear_fall","personal_desirability",0
122,"linear_low","personal_desirability",0
122,"linear_middle","personal_desirability",15
122,"linear_high","personal_desirability",0
122,"exp_rise_convex","personal_desirability",59
122,"exp_fall_convex","personal_desirability",0
122,"exp_rise_concave","personal_desirability",91
122,"exp_fall_concave","personal_desirability",0
122,"sin_fr_full","personal_desirability",80
122,"sin_fr_partial","personal_desirability",89
122,"sin_rf_full","personal_desirability",0
122,"sin_rf_partial","personal_desirability",0
122,"sin_rfr_full","personal_desirability",41
122,"sin_rfr_partial","personal_desirability",58
122,"sin_frf_full","personal_desirability",52
122,"sin_frf_partial","personal_desirability",0
122,"sin_frfr","personal_desirability",60
122,"sin_rfrf","personal_desirability",0
122,"logistic_rise","personal_desirability",100
122,"logistic_fall","personal_desirability",39
122,"positive_change_full","personal_desirability",0
122,"positive_change_partial","personal_desirability",42
122,"negative_change_full","personal_desirability",0
122,"negative_change_partial","personal_desirability",20
122,"linear_rise_sharp_fall","personal_desirability",0
122,"linear_rise_sharp_fall_exp_rise","personal_desirability",71
123,"linear_rise","personal_desirability",4
123,"linear_fall","personal_desirability",10
123,"linear_low","personal_desirability",72
123,"linear_middle","personal_desirability",10
123,"linear_high","personal_desirability",0
123,"exp_rise_convex","personal_desirability",21
123,"exp_fall_convex","personal_desirability",27
123,"exp_rise_concave","personal_desirability",0
123,"exp_fall_concave","personal_desirability",0
123,"sin_fr_full","personal_desirability",4
123,"sin_fr_partial","personal_desirability",11
123,"sin_rf_full","personal_desirability",4
123,"sin_rf_partial","personal_desirability",9
123,"sin_rfr_full","personal_desirability",7
123,"sin_rfr_partial","personal_desirability",19
123,"sin_frf_full","personal_desirability",4
123,"sin_frf_partial","personal_desirability",14
123,"sin_frfr","personal_desirability",7
123,"sin_rfrf","personal_desirability",30
123,"logistic_rise","personal_desirability",0
123,"logistic_fall","personal_desirability",9
123,"positive_change_full","personal_desirability",1
123,"positive_change_partial","personal_desirability",6
123,"negative_change_full","personal_desirability",16
123,"negative_change_partial","personal_desirability",20
123,"linear_rise_sharp_fall","personal_desirability",60
123,"linear_rise_sharp_fall_exp_rise","personal_desirability",7
124,"linear_rise","personal_desirability",100
124,"linear_fall","personal_desirability",0
124,"linear_low","personal_desirability",0
124,"linear_middle","personal_desirability",25
124,"linear_high","personal_desirability",24
124,"exp_rise_convex","personal_desirability",50
124,"exp_fall_convex","personal_desirability",0
124,"exp_rise_concave","personal_desirability",97
124,"exp_fall_concave","personal_desirability",2
124,"sin_fr_full","personal_desirability",0
124,"sin_fr_partial","personal_desirability",97
124,"sin_rf_full","personal_desirability",17
124,"sin_rf_partial","personal_desirability",3
124,"sin_rfr_full","personal_desirability",61
124,"sin_rfr_partial","personal_desirability",1
124,"sin_frf_full","personal_desirability",1
124,"sin_frf_partial","personal_desirability",67
124,"sin_frfr","personal_desirability",51
124,"sin_rfrf","personal_desirability",4
124,"logistic_rise","personal_desirability",28
124,"logistic_fall","personal_desirability",0
124,"positive_change_full","personal_desirability",5
124,"positive_change_partial","personal_desirability",15
124,"negative_change_full","personal_desirability",5
124,"negative_change_partial","personal_desirability",75
124,"linear_rise_sharp_fall","personal_desirability",0
124,"linear_rise_sharp_fall_exp_rise","personal_desirability",40
125,"linear_rise","personal_desirability",0
125,"linear_fall","personal_desirability",0
125,"linear_low","personal_desirability",0
125,"linear_middle","personal_desirability",10
125,"linear_high","personal_desirability",100
125,"exp_rise_convex","personal_desirability",80
125,"exp_fall_convex","personal_desirability",0
125,"exp_rise_concave","personal_desirability",81
125,"exp_fall_concave","personal_desirability",0
125,"sin_fr_full","personal_desirability",35
125,"sin_fr_partial","personal_desirability",80
125,"sin_rf_full","personal_desirability",22
125,"sin_rf_partial","personal_desirability",5
125,"sin_rfr_full","personal_desirability",45
125,"sin_rfr_partial","personal_desirability",58
125,"sin_frf_full","personal_desirability",20
125,"sin_frf_partial","personal_desirability",61
125,"sin_frfr","personal_desirability",17
125,"sin_rfrf","personal_desirability",30
125,"logistic_rise","personal_desirability",90
125,"logistic_fall","personal_desirability",0
125,"positive_change_full","personal_desirability",30
125,"positive_change_partial","personal_desirability",25
125,"negative_change_full","personal_desirability",4
125,"negative_change_partial","personal_desirability",65
125,"linear_rise_sharp_fall","personal_desirability",8
125,"linear_rise_sharp_fall_exp_rise","personal_desirability",60
126,"linear_rise","personal_desirability",75
126,"linear_fall","personal_desirability",3
126,"linear_low","personal_desirability",3
126,"linear_middle","personal_desirability",25
126,"linear_high","personal_desirability",60
126,"exp_rise_convex","personal_desirability",70
126,"exp_fall_convex","personal_desirability",3
126,"exp_rise_concave","personal_desirability",95
126,"exp_fall_concave","personal_desirability",65
126,"sin_fr_full","personal_desirability",25
126,"sin_fr_partial","personal_desirability",90
126,"sin_rf_full","personal_desirability",5
126,"sin_rf_partial","personal_desirability",7
126,"sin_rfr_full","personal_desirability",37
126,"sin_rfr_partial","personal_desirability",45
126,"sin_frf_full","personal_desirability",30
126,"sin_frf_partial","personal_desirability",30
126,"sin_frfr","personal_desirability",35
126,"sin_rfrf","personal_desirability",23
126,"logistic_rise","personal_desirability",35
126,"logistic_fall","personal_desirability",20
126,"positive_change_full","personal_desirability",33
126,"positive_change_partial","personal_desirability",17
126,"negative_change_full","personal_desirability",35
126,"negative_change_partial","personal_desirability",57
126,"linear_rise_sharp_fall","personal_desirability",10
126,"linear_rise_sharp_fall_exp_rise","personal_desirability",65
